0.0
0.0
0.0
0.0
0.0
0.0
0.0
0.0
0.0
0.0
0.0
0.0
0.18845985071140842
0.3602296952494766
0.4663014987667328
0.21269863347771445
0.35553422988134625
0.0
0.0
0.0
0.0
0.0
0.0
0.0
0.0
0.0
0.0
0.0
0.0
0.0
0.0
0.0
0.0
0.0
0.0
0.0
0.4495739366693121
0.3548714759255136
0.47426219425064203
0.5101816528623175
0.4108348789890224
0.0
0.0
0.0
0.0
0.0
0.0
0.0
0.0
0.0
0.0
0.0
0.0
0.0
0.0
0.0
0.0
0.0
0.0
0.0
0.19695782379020796
0.36208626835599417
0.4614961817489071
0.46606163249750104
0.32436515787348735
0.0
0.0
0.0
0.0
0.0
0.0
0.0
0.0
0.0
0.0
0.0
0.0
0.0
0.0
0.0
0.0
0.0
0.0
0.0
0.1737505935965656
0.35628205356165904
0.4718786734498037
0.5093856539686263
0.4187242333718021
0.0
0.0
0.0
0.0
0.0
0.0
0.0
0.0
0.0
0.0
0.0
0.0
0.0
0.0
0.0
0.0
0.0
0.0
0.0
0.5858912902162733
0.20333734818474708
0.2698097155925127
0.1722430832981334
0.27573154303908887
0.0
0.0
0.0
0.0
0.0
0.0
0.0
0.0
0.0
0.0
0.0
0.0
0.0
0.0
0.0
0.0
0.0
0.0
0.0
0.20350475736510307
0.1355993776866184
0.1730183380234053
0.46105479010435757
0.3278394139552031
0.0
0.0
0.0
0.0
0.0
0.0
0.0
0.0
0.0
0.0
0.0
0.0
0.0
0.0
0.0
0.0
0.0
0.0
0.0
0.21510355751574406
0.36341124697988814
0.46359970480274826
0.2470955081184105
0.3843112745877547
0.0
0.0
0.0
0.0
0.0
0.0
0.0
0.0
0.0
0.0
0.0
0.0
0.0
0.0
0.0
0.0
0.0
0.0
0.0
0.41844265924215346
0.39097954231712295
0.46589637244325915
0.5010723686735541
0.41734651710697285
0.0
0.0
0.0
0.0
0.0
0.0
0.0
0.0
0.0
0.0
0.0
0.0
0.0
0.0
0.0
0.0
0.0
0.0
0.0
0.17083090176441473
0.34987139235949793
0.2315359598506159
0.5059571088001188
0.04557630068636186
0.0
0.0
0.0
0.0
0.0
0.0
0.0
0.0
0.0
0.0
0.0
0.0
0.0
0.0
0.0
0.0
0.0
0.0
0.0
0.3426059305218613
0.06283384933388476
0.1669392720947998
0.21050634906966043
0.16411076242728564
0.0
0.0
0.0
0.0
0.0
0.0
0.0
0.0
0.0
0.0
0.0
0.0
0.0
0.0
0.0
0.0
0.0
0.0
0.0
0.4155664600973942
0.1590907973543711
0.08864446185408231
0.23811880689462456
0.1662871455447487
0.0
0.0
0.0
0.0
0.0
0.0
0.0
0.0
0.0
0.0
0.0
0.0
0.0
0.0
0.0
0.0
0.0
0.0
0.0
0.4232225500810754
0.40091217387590067
0.16680967866641655
0.05392679392555945
0.021317996911852478
0.0
0.0
0.0
0.0
0.0
0.0
0.0
0.0
0.0
0.0
0.0
0.0
0.0
0.0
0.0
0.0
0.0
0.0
0.0
0.6115529559520807
0.3510319309328827
0.4646371509786592
0.481916593733535
0.362043374521805
0.0
0.0
0.0
0.0
0.0
0.0
0.0
0.0
0.0
0.0
0.0
0.0
0.0
0.0
0.0
0.0
0.0
0.0
0.0
0.587563244865165
0.3642308771387319
0.47464645814759165
0.5160799944238839
0.43904317444454566
0.0
0.0
0.0
0.0
0.0
0.0
0.0
0.0
0.0
0.0
0.0
0.0
0.0
0.0
0.0
0.0
0.0
0.0
0.0
0.1723596752565764
0.3517176698329475
0.4622630708197475
0.4831554538551342
0.36116197815725465
0.0
0.0
0.0
0.0
0.0
0.0
0.0
0.0
0.0
0.0
0.0
0.0
0.0
0.0
0.0
0.0
0.0
0.0
0.0
0.1799894903724023
0.1639941767656568
0.4652477015190333
0.48442325864936736
0.3704867323745038
0.0
0.0
0.0
0.0
0.0
0.0
0.0
0.0
0.0
0.0
0.0
0.0
0.0
0.0
0.0
0.0
0.0
0.0
0.0
0.16818967449159794
0.3481856671460705
0.46759952094439844
0.5073147013893361
0.03328796940850578
0.0
0.0
0.0
0.0
0.0
0.0
0.0
0.0
0.0
0.0
0.0
0.0
0.0
0.0
0.0
0.0
0.0
0.0
0.0
0.16599470450575102
0.34969133620016424
0.47047077389871966
0.5068332844230797
0.42045380409971295
0.0
0.0
0.0
0.0
0.0
0.0
0.0
0.0
0.0
0.0
0.0
0.0
0.0
0.0
0.0
0.0
0.0
0.0
0.0
0.1619055825220364
0.3481596177979649
0.47027040856459706
0.512062887456941
0.43646354840243046
0.0
0.0
0.0
0.0
0.0
0.0
0.0
0.0
0.0
0.0
0.0
0.0
0.0
0.0
0.0
0.0
0.0
0.0
0.0
0.15837529258266378
0.34445810700067897
0.468703055479314
0.49834006636446704
0.40911539125220503
0.0
0.0
0.0
0.0
0.0
0.0
0.0
0.0
0.0
0.0
0.0
0.0
0.0
0.0
0.0
0.0
0.0
0.0
0.0
0.16646754207864536
0.34855254759014553
0.47065314857605484
0.5095368973910355
0.42347084072622215
0.0
0.0
0.0
0.0
0.0
0.0
0.0
0.0
0.0
0.0
0.0
0.0
0.0
0.0
0.0
0.0
0.0
0.0
0.0
0.16959455001232016
0.3503868385308653
0.32981713641321575
0.08738735072381848
0.03857573814373693
0.0
0.0
0.0
0.0
0.0
0.0
0.0
0.0
0.0
0.0
0.0
0.0
0.0
0.0
0.0
0.0
0.0
0.0
0.0
0.21204319165499355
0.36883541942562675
0.21811961188186768
0.17632798538309935
0.30251201760137075
0.0
0.0
0.0
0.0
0.0
0.0
0.0
0.0
0.0
0.0
0.0
0.0
0.0
0.0
0.0
0.0
0.0
0.0
0.0
0.5818743065136459
0.3783145790698709
0.40287777468472136
0.43700997486520143
0.293281766491939
0.002109581371861733
0.0
0.0
0.0
0.0
0.0
0.0
0.0
0.0
0.0
0.0
0.0
0.0
0.0
0.0
0.0
0.0
0.0
0.0
0.5221665253609695
0.403225024996051
0.46000296046563216
0.480874964531366
0.36831020963590616
0.0028727769894818875
0.0
0.0
0.0
0.0
0.0
0.0
0.0
0.0
0.0
0.0
0.0
0.0
0.0
0.0
0.0
0.0
0.0
0.0
0.17011980004566946
0.35032147407838055
0.4727288590135645
0.5151822604006262
0.4385379109654645
0.04966118308651982
0.0
0.0
0.0
0.0
0.0
0.0
0.0
0.0
0.0
0.0
0.0
0.0
0.0
0.0
0.0
0.0
0.0
0.0
0.46322324663129216
0.17472782826517308
0.4838217775041248
0.5200549689609971
0.22138454643576488
0.06258085221265967
0.0
0.0
0.0
0.0
0.0
0.0
0.0
0.0
0.0
0.0
0.0
0.0
0.0
0.0
0.0
0.0
0.0
0.0
0.16549289111927126
0.3540975243587682
0.4833951908923009
0.530286115735146
0.4584238431974347
0.05209416361711132
0.0
0.0
0.0
0.0
0.0
0.0
0.0
0.0
0.0
0.0
0.0
0.0
0.0
0.0
0.0
0.0
0.0
0.0
0.17388552906506424
0.35200504893618595
0.31757697144025004
0.2743510913206172
0.05703819454377713
0.005702853356007327
0.0
0.0
0.0
0.0
0.0
0.0
0.0
0.0
0.0
0.0
0.0
0.0
0.0
0.0
0.0
0.0
0.0
0.0
0.1765831716891012
0.35004557887452026
0.4665389525047604
0.491086375302842
0.38549517957896107
0.030089337479996172
0.0
0.0
0.0
0.0
0.0
0.0
0.0
0.0
0.0
0.0
0.0
0.0
0.0
0.0
0.0
0.0
0.0
0.0
0.18336363689440227
0.3525627231204272
0.4588183766672103
0.47469227116072044
0.36368756341067976
0.02649805834037841
0.0
0.0
0.0
0.0
0.0
0.0
0.0
0.0
0.0
0.0
0.0
0.0
0.0
0.0
0.0
0.0
0.0
0.0
0.18118872566583258
0.2790105523422681
0.46432410253140005
0.49457523558170297
0.4084700828017664
0.04607385643583876
0.0
0.0
0.0
0.0
0.0
0.0
0.0
0.0
0.0
0.0
0.0
0.0
0.0
0.0
0.0
0.0
0.0
0.0
0.6078714958776407
0.34365892433195316
0.2319446390101352
0.10141472243024041
0.0012547145181487124
0.04893100442344827
0.0
0.0
0.0
0.0
0.0
0.0
0.0
0.0
0.0
0.0
0.0
0.0
0.0
0.0
0.0
0.0
0.0
0.0
0.2854047003292945
0.34417168624984257
0.47684199982569603
0.5314561881378608
0.47555788322937886
0.1034242402992029
0.0
0.0
0.0
0.0
0.0
0.0
0.0
0.0
0.0
0.0
0.0
0.0
0.0
0.0
0.0
0.0
0.0
0.0
0.15732262741968972
0.3498204926511048
0.48377827213206076
0.5377536067930068
0.4751612403007304
0.08702737771236532
0.0
0.0
0.0
0.0
0.0
0.0
0.0
0.0
0.0
0.0
0.0
0.0
0.0
0.0
0.0
0.0
0.0
0.0
0.1550036506745387
0.34839541902033594
0.48164976402102744
0.5332543911202461
0.001876823297922436
0.08624222433799289
0.0
0.0
0.0
0.0
0.0
0.0
0.0
0.0
0.0
0.0
0.0
0.0
0.0
0.0
0.0
0.0
0.0
0.0
0.4739600955029516
0.3461176358551986
0.45064198909640524
0.5483970709761861
0.5016063362771891
0.13373812827366002
0.0
0.0
0.0
0.0
0.0
0.0
0.0
0.0
0.0
0.0
0.0
0.0
0.0
0.0
0.0
0.0
0.0
0.0
0.5965001474942875
0.3286651808960992
0.3081860484341821
0.187677129399765
0.09625083011324015
0.07240133656879941
0.0
0.0
0.0
0.0
0.0
0.0
0.0
0.0
0.0
0.0
0.0
0.0
0.0
0.0
0.0
0.0
0.0
0.0
0.14621068950599334
0.15343303132575237
0.270041610287266
0.10150555024830366
0.38945673866603053
0.04836059311185855
0.0
0.0
0.0
0.0
0.0
0.0
0.0
0.0
0.0
0.0
0.0
0.0
0.0
0.0
0.0
0.0
0.0
0.0
0.5422650829172025
0.30541686449241573
0.23368588412523103
0.09928184494725453
0.3523501124932877
0.026966659666666754
0.0
0.0
0.0
0.0
0.0
0.0
0.0
0.0
0.0
0.0
0.0
0.0
0.0
0.0
0.0
0.0
0.0
0.0
0.16459121417660236
0.35046989599142603
0.48047755251518953
0.5306796459661127
0.46819812292821533
0.10237727948534812
0.0
0.0
0.0
0.0
0.0
0.0
0.0
0.0
0.0
0.0
0.0
0.0
0.0
0.0
0.0
0.0
0.0
0.0
0.17857949105958157
0.3592818696446161
0.1739752893498329
0.15274736800379968
0.041732250992816404
0.014261863529242831
0.0
0.0
0.0
0.0
0.0
0.0
0.0
0.0
0.0
0.0
0.0
0.0
0.0
0.0
0.0
0.0
0.0
0.0
0.1763587867866115
0.414242252658444
0.31250340808122784
0.10309372996460911
0.20879878659820983
0.005523783596397987
0.0
0.0
0.0
0.0
0.0
0.0
0.0
0.0
0.0
0.0
0.0
0.0
0.0
0.0
0.0
0.0
0.0
0.0
0.5647295098539086
0.31343588243928894
0.033346467331700214
0.14663725623744714
0.08937115171533841
0.011711163926675426
0.0
0.0
0.0
0.0
0.0
0.0
0.0
0.0
0.0
0.0
0.0
0.0
0.0
0.0
0.0
0.0
0.0
0.0
0.5617576549091976
0.4203047339407717
0.3086376470537947
0.08405228459837887
0.0
0.0
0.0
0.0
0.0
0.0
0.0
0.0
0.0
0.0
0.0
0.0
0.0
0.0
0.0
0.0
0.0
0.0
0.0
0.0
0.18776364786472066
0.42408648718934816
0.32227546919097116
0.1516125662668428
0.05367078368947553
0.0
0.0
0.0
0.0
0.0
0.0
0.0
0.0
0.0
0.0
0.0
0.0
0.0
0.0
0.0
0.0
0.0
0.0
0.0
0.18786159760279342
0.3602255388479084
0.4757742986306994
0.5059133228682325
0.4087111136729457
0.05539917601301787
0.0
0.0
0.0
0.0
0.0
0.0
0.0
0.0
0.0
0.0
0.0
0.0
0.0
0.0
0.0
0.0
0.0
0.0
0.14951529652553763
0.08222249078922475
0.1935496966523287
0.14613705585912484
0.10413162220944061
0.11595910202250984
0.0
0.0
0.0
0.0
0.0
0.0
0.0
0.0
0.0
0.0
0.0
0.0
0.0
0.0
0.0
0.0
0.0
0.0
0.542271371523627
0.3222399097957932
0.258140947037589
0.31878682870989283
0.14112626114728088
0.07685443381790354
0.0
0.0
0.0
0.0
0.0
0.0
0.0
0.0
0.0
0.0
0.0
0.0
0.0
0.0
0.0
0.0
0.0
0.0
0.19025540201683805
0.42132064119521356
0.4827297255985458
0.5178201260278379
0.4334248578854861
0.07804308049150253
0.0
0.0
0.0
0.0
0.0
0.0
0.0
0.0
0.0
0.0
0.0
0.0
0.0
0.0
0.0
0.0
0.0
0.0
0.479525189717658
0.3909506007548059
0.38766141345519023
0.3596625822926418
0.244931334659348
0.008818943707898215
0.0
0.0
0.0
0.0
0.0
0.0
0.0
0.0
0.0
0.0
0.0
0.0
0.0
0.0
0.0
0.0
0.0
0.0
0.5254168177828722
0.38453754501966414
0.4511319753279869
0.17748532544273488
0.13541405710757407
0.0047357086196865225
0.0
0.0
0.0
0.0
0.0
0.0
0.0
0.0
0.0
0.0
0.0
0.0
0.0
0.0
0.0
0.0
0.0
0.0
0.47408642541255747
0.3888357499333336
0.36551806785153185
0.21059656694897746
0.2064617813541668
0.003780102105223292
0.0
0.0
0.0
0.0
0.0
0.0
0.0
0.0
0.0
0.0
0.0
0.0
0.0
0.0
0.0
0.0
0.0
0.0
0.3707643829333891
0.39545923106507397
0.15784651246096476
0.28013093392391036
0.20410262570252644
0.0080155027387943
0.0
0.0
0.0
0.0
0.0
0.0
0.0
0.0
0.0
0.0
0.0
0.0
0.0
0.0
0.0
0.0
0.0
0.0
0.5050675121805744
0.40507997958971353
0.11639533531512622
0.052381619878786416
0.2295802223071484
0.010531291385790438
0.0
0.0
0.0
0.0
0.0
0.0
0.0
0.0
0.0
0.0
0.0
0.0
0.0
0.0
0.0
0.0
0.0
0.0
0.2514045737679719
0.28108394979463014
0.05471554147819703
0.24983900810753412
0.14063940881253556
0.0073661673099027205
0.0
0.0
0.0
0.0
0.0
0.0
0.0
0.0
0.0
0.0
0.0
0.0
0.0
0.0
0.0
0.0
0.0
0.0
0.5089840301733378
0.18759786749063645
0.21054779744014565
0.09666113634893105
0.007335405603346152
0.0
0.0
0.0
0.0
0.0
0.0
0.0
0.0
0.0
0.0
0.0
0.0
0.0
0.0
0.0
0.0
0.0
0.0
0.0
0.5024291838971315
0.4140283209910059
0.4025071153232177
0.2434657036945267
0.08100843575648126
0.003918195651733134
0.0
0.0
0.0
0.0
0.0
0.0
0.0
0.0
0.0
0.0
0.0
0.0
0.0
0.0
0.0
0.0
0.0
0.0
0.19467459248396027
0.40933226573623416
0.48672127094930634
0.29406097210871984
0.4539117932327757
0.11969210505042345
0.0
0.0
0.0
0.0
0.0
0.0
0.0
0.0
0.0
0.0
0.0
0.0
0.0
0.0
0.0
0.0
0.0
0.0
0.4810829305250895
0.075804395697867
0.05112265988044715
0.033454945254078564
0.1903285678127056
0.007248753859537397
0.0
0.0
0.0
0.0
0.0
0.0
0.0
0.0
0.0
0.0
0.0
0.0
0.0
0.0
0.0
0.0
0.0
0.0
0.47935691156589294
0.21108058894079856
0.25012654258558037
0.019605854191307774
0.14857542046621924
0.0064390366427931195
0.0
0.0
0.0
0.0
0.0
0.0
0.0
0.0
0.0
0.0
0.0
0.0
0.0
0.0
0.0
0.0
0.0
0.0
0.22266466273085042
0.3229465279366873
0.4858477723868539
0.37895187109048256
0.3927587995295654
0.06120069096436908
0.0
0.0
0.0
0.0
0.0
0.0
0.0
0.0
0.0
0.0
0.0
0.0
0.0
0.0
0.0
0.0
0.0
0.0
0.2028358097980973
0.16678143024224792
0.2443542847024253
0.15973352081285763
0.078580180187734
0.004831418945819382
0.0
0.0
0.0
0.0
0.0
0.0
0.0
0.0
0.0
0.0
0.0
0.0
0.0
0.0
0.0
0.0
0.0
0.0
0.40990337094213725
0.3717417894174783
0.49410413359960814
0.536714893332632
0.46243474099959353
0.13129800536285138
0.0
0.0
0.0
0.0
0.0
0.0
0.0
0.0
0.0
0.0
0.0
0.0
0.0
0.0
0.0
0.0
0.0
0.0
0.1989244742045159
0.37794379196870026
0.5004844617512836
0.5418138899360386
0.3626899982304756
0.066654491468778
0.0
0.0
0.0
0.0
0.0
0.0
0.0
0.0
0.0
0.0
0.0
0.0
0.0
0.0
0.0
0.0
0.0
0.0
0.1990260473087192
0.3821370623714056
0.5017005108364765
0.5431127744693814
0.05078021323741533
0.09418635594332396
0.0
0.0
0.0
0.0
0.0
0.0
0.0
0.0
0.0
0.0
0.0
0.0
0.0
0.0
0.0
0.0
0.0
0.0
0.19841637256637323
0.3780111611750158
0.5011723915936375
0.5421491201568904
0.46077935952104204
0.08527037058719839
0.0
0.0
0.0
0.0
0.0
0.0
0.0
0.0
0.0
0.0
0.0
0.0
0.0
0.0
0.0
0.0
0.0
0.0
0.17733979517614556
0.371260962674346
0.5070029303641106
0.23496205802926212
0.026990077544989097
0.16420531902127952
0.0
0.0
0.0
0.0
0.0
0.0
0.0
0.0
0.0
0.0
0.0
0.0
0.0
0.0
0.0
0.0
0.0
0.0
0.2645748227408251
0.4279865541845496
0.42003952341121803
0.08481439730148892
0.04006465051427713
0.05924248167847382
0.0
0.0
0.0
0.0
0.0
0.0
0.0
0.0
0.0
0.0
0.0
0.0
0.0
0.0
0.0
0.0
0.0
0.0
0.43528440232693316
0.36864765841390634
0.1537891494686032
0.2835821237669553
0.3103836938973041
0.02034965400167398
0.0
0.0
0.0
0.0
0.0
0.0
0.0
0.0
0.0
0.0
0.0
0.0
0.0
0.0
0.0
0.0
0.0
0.0
0.25754839072709607
0.3884094420439417
0.29629418840022176
0.2749330264068487
0.30913025515210024
0.017769157304010606
0.0
0.0
0.0
0.0
0.0
0.0
0.0
0.0
0.0
0.0
0.0
0.0
0.0
0.0
0.0
0.0
0.0
0.0
0.368403919261078
0.041750465568028174
0.12894799420604533
0.05373010893744487
0.052699139459308306
0.025145714866216903
0.0
0.0
0.0
0.0
0.0
0.0
0.0
0.0
0.0
0.0
0.0
0.0
0.0
0.0
0.0
0.0
0.0
0.0
0.43650444968892954
0.34604434949560353
0.41832612833029964
0.20258415178578099
0.08278211896670458
0.003829446781324037
0.0
0.0
0.0
0.0
0.0
0.0
0.0
0.0
0.0
0.0
0.0
0.0
0.0
0.0
0.0
0.0
0.0
0.0
0.41541311721409263
0.4421242489994646
0.4575957403432586
0.3661645101360189
0.40184942084840514
0.06107358719241868
0.0
0.0
0.0
0.0
0.0
0.0
0.0
0.0
0.0
0.0
0.0
0.0
0.0
0.0
0.0
0.0
0.0
0.0
0.43626478548413966
0.43035505688960063
0.3850007652761019
0.4678650097887065
0.15755095939829253
0.008914296602092673
0.0
0.0
0.0
0.0
0.0
0.0
0.0
0.0
0.0
0.0
0.0
0.0
0.0
0.0
0.0
0.0
0.0
0.0
0.4392521209360241
0.44636596880740653
0.3568746071679595
0.26858729000950454
0.34845179153618683
0.05233210023899356
0.0
0.0
0.0
0.0
0.0
0.0
0.0
0.0
0.0
0.0
0.0
0.0
0.0
0.0
0.0
0.0
0.0
0.0
0.43345363737396014
0.43077350474287857
0.29445023709258106
0.4082667706402484
0.42771404433631016
0.08835532967595472
0.0
0.0
0.0
0.0
0.0
0.0
0.0
0.0
0.0
0.0
0.0
0.0
0.0
0.0
0.0
0.0
0.0
0.0
0.41793743532087724
0.40394201154192416
0.4901398049891732
0.4472164249764447
0.41808116671236645
0.07204124089627803
0.0
0.0
0.0
0.0
0.0
0.0
0.0
0.0
0.0
0.0
0.0
0.0
0.0
0.0
0.0
0.0
0.0
0.0
0.2946040020779808
0.24470952322597792
0.3503338157322343
0.11156513328288668
0.09133852504685629
0.0039169969936460325
0.0
0.0
0.0
0.0
0.0
0.0
0.0
0.0
0.0
0.0
0.0
0.0
0.0
0.0
0.0
0.0
0.0
0.0
0.32340590737394803
0.44233696261356875
0.41465568834693667
0.08242639970516719
0.0902563699011771
0.004728467967030801
0.0
0.0
0.0
0.0
0.0
0.0
0.0
0.0
0.0
0.0
0.0
0.0
0.0
0.0
0.0
0.0
0.0
0.0
0.4295103772109342
0.4297911269239999
0.43415172847843164
0.3123693210948149
0.04443686837107849
0.0
0.0
0.0
0.0
0.0
0.0
0.0
0.0
0.0
0.0
0.0
0.0
0.0
0.0
0.0
0.0
0.0
0.0
0.0
0.42593991691998756
0.39199200226280967
0.3703308630741207
0.5648938364203019
0.5041453142868915
0.1493622272136419
0.0
0.0
0.0
0.0
0.0
0.0
0.0
0.0
0.0
0.0
0.0
0.0
0.0
0.0
0.0
0.0
0.0
0.0
0.2077427001109897
0.3885016497741672
0.5039268295536887
0.5328847233071271
0.4327974392213558
0.06335198182945606
0.0
0.0
0.0
0.0
0.0
0.0
0.0
0.0
0.0
0.0
0.0
0.0
0.0
0.0
0.0
0.0
0.0
0.0
0.33199578068690255
0.3167542152346036
0.2961654431731531
0.5309063026221571
0.42651445211107664
0.06496283343983432
0.0
0.0
0.0
0.0
0.0
0.0
0.0
0.0
0.0
0.0
0.0
0.0
0.0
0.0
0.0
0.0
0.0
0.0
0.3740759745442811
0.42369479541755284
0.25843441573554077
0.4973914029234775
0.37281075217683296
0.04159871548407988
0.0
0.0
0.0
0.0
0.0
0.0
0.0
0.0
0.0
0.0
0.0
0.0
0.0
0.0
0.0
0.0
0.0
0.0
0.21172081818624272
0.3881998664129685
0.5049539136059729
0.5422631004283379
0.46942211985831905
0.11302456245368657
0.0
0.0
0.0
0.0
0.0
0.0
0.0
0.0
0.0
0.0
0.0
0.0
0.0
0.0
0.0
0.0
0.0
0.0
0.37655279373555944
0.4162980348607095
0.24270093116518238
0.10926113911316283
0.018084608980200433
0.11158335377680276
0.0
0.0
0.0
0.0
0.0
0.0
0.0
0.0
0.0
0.0
0.0
0.0
0.0
0.0
0.0
0.0
0.0
0.0
0.22437084385138287
0.3962612667227852
0.5011862578953272
0.3029434041220759
0.4078958713747533
0.05142141840007872
0.0
0.0
0.0
0.0
0.0
0.0
0.0
0.0
0.0
0.0
0.0
0.0
0.0
0.0
0.0
0.0
0.0
0.0
0.21488361318983018
0.38892681761141834
0.5039487166476958
0.5268045479583562
0.4366485290993479
0.07787749419817777
0.0
0.0
0.0
0.0
0.0
0.0
0.0
0.0
0.0
0.0
0.0
0.0
0.0
0.0
0.0
0.0
0.0
0.0
0.4147444096464315
0.40017619003544563
0.1537325122338854
0.011382577080917791
0.11260305837387614
0.003046835993514634
0.0
0.0
0.0
0.0
0.0
0.0
0.0
0.0
0.0
0.0
0.0
0.0
0.0
0.0
0.0
0.0
0.0
0.0
0.21345613925206375
0.42624418757592253
0.31049461419257196
0.4574302933698963
0.137116458598913
0.006394366333155266
0.0
0.0
0.0
0.0
0.0
0.0
0.0
0.0
0.0
0.0
0.0
0.0
0.0
0.0
0.0
0.0
0.0
0.0
0.394612403596229
0.15682118269897508
0.029491233904116114
0.0046501522016151485
0.35027094202291537
0.024402562146604447
0.0
0.0
0.0
0.0
0.0
0.0
0.0
0.0
0.0
0.0
0.0
0.0
0.0
0.0
0.0
0.0
0.0
0.0
0.40441655437173796
0.2654212473750649
0.4630833349400205
0.15059530808462707
0.3619248822679945
0.042089590245111094
0.0
0.0
0.0
0.0
0.0
0.0
0.0
0.0
0.0
0.0
0.0
0.0
0.0
0.0
0.0
0.0
0.0
0.0
0.41560065927789724
0.42922556413399404
0.43587641253744175
0.15297996755919008
0.11029387243643002
0.006366050019553425
0.0
0.0
0.0
0.0
0.0
0.0
0.0
0.0
0.0
0.0
0.0
0.0
0.0
0.0
0.0
0.0
0.0
0.0
0.22347592252027187
0.40413992605337895
0.5037538420880806
0.5314326708224345
0.4068266336641908
0.06592755054028858
0.0
0.0
0.0
0.0
0.0
0.0
0.0
0.0
0.0
0.0
0.0
0.0
0.0
0.0
0.0
0.0
0.0
0.0
0.3392501876779087
0.08331054397110525
0.32975767709883286
0.19199496464011523
0.04530948754448485
0.0
0.0
0.0
0.0
0.0
0.0
0.0
0.0
0.0
0.0
0.0
0.0
0.0
0.0
0.0
0.0
0.0
0.0
0.0
0.28399023057779627
0.21925713399957536
0.3252833415062276
0.39590652380184377
0.23908088062759644
0.0012247716687092266
0.0
0.0
0.0
0.0
0.0
0.0
0.0
0.0
0.0
0.0
0.0
0.0
0.0
0.0
0.0
0.0
0.0
0.0
0.2473308060564502
0.20503210692592624
0.3230774832266605
0.09468411975189052
0.025808158016900385
0.0
0.0
0.0
0.0
0.0
0.0
0.0
0.0
0.0
0.0
0.0
0.0
0.0
0.0
0.0
0.0
0.0
0.0
0.0
0.2280808223026198
0.24056505629999259
0.36121515029868456
0.17026533742765243
0.134056769670053
0.0064029666600057406
0.0
0.0
0.0
0.0
0.0
0.0
0.0
0.0
0.0
0.0
0.0
0.0
0.0
0.0
0.0
0.0
0.0
0.0
0.4039818776444301
0.3960257071165395
0.384684302743977
0.3173918772231458
0.047043004057739694
0.000493838432267901
0.0
0.0
0.0
0.0
0.0
0.0
0.0
0.0
0.0
0.0
0.0
0.0
0.0
0.0
0.0
0.0
0.0
0.0
0.37030410731062835
0.16719600280766708
0.30317925394106704
0.30497650580708385
0.07217483220355596
0.00302941435174729
0.0
0.0
0.0
0.0
0.0
0.0
0.0
0.0
0.0
0.0
0.0
0.0
0.0
0.0
0.0
0.0
0.0
0.0
0.4005325299114621
0.3351706638686308
0.4258129179405856
0.40197575145716524
0.3661050166699427
0.033662736843784166
0.0
0.0
0.0
0.0
0.0
0.0
0.0
0.0
0.0
0.0
0.0
0.0
0.0
0.0
0.0
0.0
0.0
0.0
0.28164906979511944
0.3989660443249879
0.3013271432092717
0.24652426424809135
0.1285136881189052
0.007321988208932738
0.0
0.0
0.0
0.0
0.0
0.0
0.0
0.0
0.0
0.0
0.0
0.0
0.0
0.0
0.0
0.0
0.0
0.41577601329491864
0.38957567688463696
0.22506526353607656
0.3838071887833007
0.3337296859476577
0.0855856613164275
0.060806086484251794
0.0
0.0
0.0
0.0
0.0
0.0
0.0
0.0
0.0
0.0
0.0
0.0
0.0
0.0
0.0
0.0
0.0
0.345074886176173
0.14388205167575502
0.38849521874020887
0.11247718253414703
0.33181410001668765
0.03441544825102703
0.0
0.0
0.0
0.0
0.0
0.0
0.0
0.0
0.0
0.0
0.0
0.0
0.0
0.0
0.0
0.0
0.0
0.0
0.31575259695264385
0.10837410042575064
0.1291790310032273
0.13559274144005465
0.016560923447226282
0.39694077183844323
0.04624526221200894
0.0
0.0
0.0
0.0
0.0
0.0
0.0
0.0
0.0
0.0
0.0
0.0
0.0
0.0
0.0
0.0
0.0
0.402408491194821
0.39408643082630423
0.4272445105786777
0.4000451124606003
0.2859910928166581
0.42985195077391497
0.0828551646849705
0.0
0.0
0.0
0.0
0.0
0.0
0.0
0.0
0.0
0.0
0.0
0.0
0.0
0.0
0.0
0.0
0.0
0.09979700468247737
0.3882668232286119
0.24412434508236266
0.21992217655854188
0.29575028153887056
0.16101802257728054
0.04552939112171897
0.0
0.0
0.0
0.0
0.0
0.0
0.0
0.0
0.0
0.0
0.0
0.0
0.0
0.0
0.0
0.0
0.0
0.37451943327391346
0.23618295310970575
0.44315229054642896
0.44884834764182335
0.30670824607926234
0.2142354438424356
0.009735497155758555
0.0
0.0
0.0
0.0
0.0
0.0
0.0
0.0
0.0
0.0
0.0
0.0
0.0
0.0
0.0
0.0
0.0
0.39027266040633307
0.38260028097560006
0.3859982605499142
0.3275002254193992
0.2546256330567257
0.1083072406131675
0.004717647391744465
0.0
0.0
0.0
0.0
0.0
0.0
0.0
0.0
0.0
0.0
0.0
0.0
0.0
0.0
0.0
0.0
0.0
0.40474608977375576
0.39297184242479827
0.2574185675147287
0.1867309728616259
0.1095725716333976
0.21362013762199664
0.009642831214150391
0.0
0.0
0.0
0.0
0.0
0.0
0.0
0.0
0.0
0.0
0.0
0.0
0.0
0.0
0.0
0.0
0.0
0.08409186939069971
0.21854635142368273
0.4121059350745077
0.3619751592476899
0.2701774115938333
0.37595880738250037
0.07298370698024985
0.0
0.0
0.0
0.0
0.0
0.0
0.0
0.0
0.0
0.0
0.0
0.0
0.0
0.0
0.0
0.0
0.0
0.37952098938648204
0.38070976462568196
0.3514893563961483
0.3600425863912615
0.15789684006029667
0.005410672460274619
0.0
0.0
0.0
0.0
0.0
0.0
0.0
0.0
0.0
0.0
0.0
0.0
0.0
0.0
0.0
0.0
0.0
0.0
0.3958456629430945
0.38029252158884636
0.40749826527519034
0.29751767500156545
0.3494697537228523
0.14277913142552706
0.00809279855806426
0.0
0.0
0.0
0.0
0.0
0.0
0.0
0.0
0.0
0.0
0.0
0.0
0.0
0.0
0.0
0.0
0.0
0.3957226727847067
0.3710219125272212
0.1245686241216301
0.17878142449198814
0.2461416188531222
0.26977174496126877
0.02078915626323223
0.0
0.0
0.0
0.0
0.0
0.0
0.0
0.0
0.0
0.0
0.0
0.0
0.0
0.0
0.0
0.0
0.0
0.40607174780261107
0.3304892776942463
0.3990974376084989
0.2237705695137642
0.0028743224410413895
0.08811538945177276
0.003062985179700896
0.0
0.0
0.0
0.0
0.0
0.0
0.0
0.0
0.0
0.0
0.0
0.0
0.0
0.0
0.0
0.0
0.0
0.29378095157820094
0.2752438181981497
0.3115823123775166
0.2794208126096154
0.22097149655948248
0.09047537893848101
0.00478073772424828
0.0
0.0
0.0
0.0
0.0
0.0
0.0
0.0
0.0
0.0
0.0
0.0
0.0
0.0
0.0
0.0
0.0
0.3365903983300521
0.3382503814097499
0.1699317305621332
0.286552551173397
0.036349143559903194
0.025403509529177207
0.0
0.0
0.0
0.0
0.0
0.0
0.0
0.0
0.0
0.0
0.0
0.0
0.0
0.0
0.0
0.0
0.0
0.0
0.1422539476710819
0.2577768403617997
0.16604807425974993
0.14597657446053153
0.10424440664791962
0.13851806501918448
0.009091864233166455
0.0
0.0
0.0
0.0
0.0
0.0
0.0
0.0
0.0
0.0
0.0
0.0
0.0
0.0
0.0
0.0
0.0
0.380447675809529
0.3301431868894401
0.26877628093344885
0.13267668630355722
0.26808418061885164
0.21712260400665756
0.016762395494700263
0.0
0.0
0.0
0.0
0.0
0.0
0.0
0.0
0.0
0.0
0.0
0.0
0.0
0.0
0.0
0.0
0.0
0.2412668860069923
0.24404804691655546
0.3082790301130268
0.20768722900337863
0.10454877025637951
0.12158925387449859
0.006473260873298009
0.0
0.0
0.0
0.0
0.0
0.0
0.0
0.0
0.0
0.0
0.0
0.0
0.0
0.0
0.0
0.0
0.0
0.4083459968073948
0.25780250546634703
0.4108930778275103
0.24488679878167746
0.16323031823355197
0.3134759101213652
0.03099415291804874
0.0
0.0
0.0
0.0
0.0
0.0
0.0
0.0
0.0
0.0
0.0
0.0
0.0
0.0
0.0
0.0
0.0
0.3909540354295278
0.3716264465811749
0.41061762059877316
0.1674284540448296
0.11461440975251341
0.41615068910411723
0.07438013654909516
0.0
0.0
0.0
0.0
0.0
0.0
0.0
0.0
0.0
0.0
0.0
0.0
0.0
0.0
0.0
0.0
0.0
0.3797349264061826
0.26537033570983587
0.4055003593526313
0.39525870971904364
0.34244467393605854
0.36936355468069165
0.04068300754261565
0.0
0.0
0.0
0.0
0.0
0.0
0.0
0.0
0.0
0.0
0.0
0.0
0.0
0.0
0.0
0.0
0.0
0.23555790211555216
0.24357882166121023
0.34210344798994247
0.1140655304599456
0.11560387781046305
0.03706520736336093
0.0
0.0
0.0
0.0
0.0
0.0
0.0
0.0
0.0
0.0
0.0
0.0
0.0
0.0
0.0
0.0
0.0
0.0
0.09603672959909967
0.2294918702651804
0.3895988172054111
0.40164546240532056
0.5073901727831311
0.37311020476131224
0.06785955633749814
0.0
0.0
0.0
0.0
0.0
0.0
0.0
0.0
0.0
0.0
0.0
0.0
0.0
0.0
0.0
0.0
0.0
0.10332547207403056
0.3759693229100167
0.18571448776910934
0.1397637556516013
0.062316522350660916
0.1671065812446882
0.08963597585819566
0.0
0.0
0.0
0.0
0.0
0.0
0.0
0.0
0.0
0.0
0.0
0.0
0.0
0.0
0.0
0.0
0.0
0.0
0.2299820691144347
0.386403166532528
0.3798651727408154
0.4864086664725254
0.03870573893022208
0.09382445309187613
0.0
0.0
0.0
0.0
0.0
0.0
0.0
0.0
0.0
0.0
0.0
0.0
0.0
0.0
0.0
0.0
0.0
0.0903643229310252
0.22450487578359812
0.38408669786573674
0.48384736179665755
0.5064609673227531
0.4174542892552989
0.08756665146316875
0.0
0.0
0.0
0.0
0.0
0.0
0.0
0.0
0.0
0.0
0.0
0.0
0.0
0.0
0.0
0.0
0.0
0.0
0.3772003877717169
0.4315880093089819
0.4258056407615001
0.2537384088478032
0.287080418048299
0.0523132569795049
0.0
0.0
0.0
0.0
0.0
0.0
0.0
0.0
0.0
0.0
0.0
0.0
0.0
0.0
0.0
0.0
0.0
0.0
0.36901859297898704
0.1689304872868807
0.19527931613769547
0.2204354452290404
0.18998910561266164
0.020753166786942452
0.0
0.0
0.0
0.0
0.0
0.0
0.0
0.0
0.0
0.0
0.0
0.0
0.0
0.0
0.0
0.0
0.0
0.0
0.3695439268330283
0.4326066195214431
0.4256609210003584
0.3404859691881604
0.24797342995095328
0.04589435284713184
0.0
0.0
0.0
0.0
0.0
0.0
0.0
0.0
0.0
0.0
0.0
0.0
0.0
0.0
0.0
0.0
0.0
0.0
0.31104466906126627
0.400112195454956
0.2964875682788261
0.2027224177448022
0.174829081675521
0.0072064591991802965
0.0
0.0
0.0
0.0
0.0
0.0
0.0
0.0
0.0
0.0
0.0
0.0
0.0
0.0
0.0
0.0
0.0
0.0
0.37326153009465773
0.2962938829073886
0.25189967838522187
0.44110760075580296
0.19555083587481611
0.009723364229128409
0.0
0.0
0.0
0.0
0.0
0.0
0.0
0.0
0.0
0.0
0.0
0.0
0.0
0.0
0.0
0.0
0.0
0.0
0.3666703021947043
0.32991313232185804
0.2519490532693497
0.09142354132008611
0.1510692539868233
0.009003247080984147
0.0
0.0
0.0
0.0
0.0
0.0
0.0
0.0
0.0
0.0
0.0
0.0
0.0
0.0
0.0
0.0
0.0
0.0
0.3535887532412532
0.3940284911890099
0.1720145000173482
0.1358812139859856
0.07983528019155915
0.006448449800237312
0.0
0.0
0.0
0.0
0.0
0.0
0.0
0.0
0.0
0.0
0.0
0.0
0.0
0.0
0.0
0.0
0.0
0.0
0.3492200857372126
0.4034570331907897
0.39501006079002476
0.22693468399214395
0.3396397397011936
0.06605886780559918
0.0
0.0
0.0
0.0
0.0
0.0
0.0
0.0
0.0
0.0
0.0
0.0
0.0
0.0
0.0
0.0
0.0
0.0
0.36731417840728176
0.40499130908717557
0.3580429346743807
0.2266585311704967
0.07695544016972589
0.005593686423435564
0.0
0.0
0.0
0.0
0.0
0.0
0.0
0.0
0.0
0.0
0.0
0.0
0.0
0.0
0.0
0.0
0.0
0.0
0.32646607498591323
0.22275098091551396
0.2341917137643445
0.33818892864916716
0.18268244048516716
0.01894608031051341
0.0
0.0
0.0
0.0
0.0
0.0
0.0
0.0
0.0
0.0
0.0
0.0
0.0
0.0
0.0
0.0
0.0
0.0
0.21409130789559686
0.25869423029202115
0.20060758030621823
0.16542333519953925
0.12598948981195363
0.010742188201302745
0.0
0.0
0.0
0.0
0.0
0.0
0.0
0.0
0.0
0.0
0.0
0.0
0.0
0.0
0.0
0.0
0.0
0.0
0.11666305179925461
0.06351222583087533
0.15938575271739364
0.07810190488723301
0.20808752822066034
0.013187660211786766
0.0
0.0
0.0
0.0
0.0
0.0
0.0
0.0
0.0
0.0
0.0
0.0
0.0
0.0
0.0
0.0
0.0
0.0
0.24313478677422673
0.142348107859059
0.07366659677168344
0.04367347190579764
0.09454303445772133
0.007351651742203661
0.0
0.0
0.0
0.0
0.0
0.0
0.0
0.0
0.0
0.0
0.0
0.0
0.0
0.0
0.0
0.0
0.0
0.0
0.3706579243572018
0.06846576354299276
0.09865030866545783
0.09851663661319776
0.05810594546632705
0.0039841357524967695
0.0
0.0
0.0
0.0
0.0
0.0
0.0
0.0
0.0
0.0
0.0
0.0
0.0
0.0
0.0
0.0
0.0
0.0
0.24398686565492192
0.09727182182132448
0.05385359533910781
0.23193409787665445
0.22820472161390742
0.057136766282109175
0.0
0.0
0.0
0.0
0.0
0.0
0.0
0.0
0.0
0.0
0.0
0.0
0.0
0.0
0.0
0.0
0.0
0.0
0.36701228337275915
0.33676469500825346
0.24578503882827707
0.2585473305452406
0.06899487690802952
0.006569730981263807
0.0
0.0
0.0
0.0
0.0
0.0
0.0
0.0
0.0
0.0
0.0
0.0
0.0
0.0
0.0
0.0
0.0
0.0
0.22130702450095585
0.25874410509823187
0.27516805379745807
0.2122018071587891
0.16234890957572504
0.01915286766491745
0.0
0.0
0.0
0.0
0.0
0.0
0.0
0.0
0.0
0.0
0.0
0.0
0.0
0.0
0.0
0.0
0.0
0.0
0.3663397748383784
0.30151608633943344
0.2830254300527218
0.17609265647779024
0.08439657417089094
0.009146629903882464
0.0
0.0
0.0
0.0
0.0
0.0
0.0
0.0
0.0
0.0
0.0
0.0
0.0
0.0
0.0
0.0
0.0
0.0
0.3646234852884688
0.37877882864436596
0.33960889757055557
0.31374934211384986
0.3382987948515762
0.11192405980076477
0.0
0.0
0.0
0.0
0.0
0.0
0.0
0.0
0.0
0.0
0.0
0.0
0.0
0.0
0.0
0.0
0.0
0.0
0.36222607813096336
0.3746745757500273
0.3711501842930621
0.2445289503590735
0.28012938644915863
0.08664284315746128
0.0
0.0
0.0
0.0
0.0
0.0
0.0
0.0
0.0
0.0
0.0
0.0
0.0
0.0
0.0
0.0
0.0
0.08772766516887502
0.351979423347432
0.3909645256931989
0.38317121435566875
0.11287475441931477
0.0
0.0
0.0
0.0
0.0
0.0
0.0
0.0
0.0
0.0
0.0
0.0
0.0
0.0
0.0
0.0
0.0
0.0
0.0
0.0
0.1999097454426415
0.37215118933575025
0.27385218886152335
0.2690440486153784
0.22786340436889413
0.06449124344389602
0.0
0.0
0.0
0.0
0.0
0.0
0.0
0.0
0.0
0.0
0.0
0.0
0.0
0.0
0.0
0.0
0.0
0.0
0.3466812807665699
0.32478836186583476
0.27334965361265134
0.05746584131350002
0.052928038175159696
0.00480344084153768
0.0
0.0
0.0
0.0
0.0
0.0
0.0
0.0
0.0
0.0
0.0
0.0
0.0
0.0
0.0
0.0
0.0
0.0
0.28426628381617375
0.2946804674290357
0.03724740809979935
0.04488933295747677
0.05331065666335171
0.004858546143255296
0.0
0.0
0.0
0.0
0.0
0.0
0.0
0.0
0.0
0.0
0.0
0.0
0.0
0.0
0.0
0.0
0.0
0.0
0.34433108379775956
0.330254173924299
0.14014654560315626
0.09707867482045138
0.049164709768780394
0.01358947910193979
0.0
0.0
0.0
0.0
0.0
0.0
0.0
0.0
0.0
0.0
0.0
0.0
0.0
0.0
0.0
0.0
0.0
0.0
0.34250602969789534
0.38923724621374595
0.2759205316627933
0.04869742854872862
0.06748316827922522
0.18248159360766122
0.0
0.0
0.0
0.0
0.0
0.0
0.0
0.0
0.0
0.0
0.0
0.0
0.0
0.0
0.0
0.0
0.0
0.0
0.35585984879318416
0.3870248979647174
0.13539972821716156
0.29796557795669404
0.17855560561610276
0.01236681950606527
0.0
0.0
0.0
0.0
0.0
0.0
0.0
0.0
0.0
0.0
0.0
0.0
0.0
0.0
0.0
0.0
0.0
0.0
0.28737371382007454
0.36915370144983595
0.31312008941025904
0.21615018494693586
0.23498555012980643
0.027895678383581854
0.0
0.0
0.0
0.0
0.0
0.0
0.0
0.0
0.0
0.0
0.0
0.0
0.0
0.0
0.0
0.0
0.0
0.0
0.35401948512494286
0.4002981661927595
0.25335007185555797
0.17208458755389616
0.14650813877796026
0.0337888999549298
0.0
0.0
0.0
0.0
0.0
0.0
0.0
0.0
0.0
0.0
0.0
0.0
0.0
0.0
0.0
0.0
0.0
0.0
0.3109846555463262
0.27077316172966936
0.13621920957051145
0.13794492182483462
0.055649949984272966
0.010045875942783946
0.0
0.0
0.0
0.0
0.0
0.0
0.0
0.0
0.0
0.0
0.0
0.0
0.0
0.0
0.0
0.0
0.0
0.0
0.3277036057888572
0.23656925837834505
0.22230308588161019
0.32152260984577313
0.15381823298596417
0.06085146120961666
0.0
0.0
0.0
0.0
0.0
0.0
0.0
0.0
0.0
0.0
0.0
0.0
0.0
0.0
0.0
0.0
0.0
0.0
0.34545127934746284
0.26808852714548426
0.2541290376784382
0.1090864817525068
0.14130071469835065
0.01165364612203806
0.0
0.0
0.0
0.0
0.0
0.0
0.0
0.0
0.0
0.0
0.0
0.0
0.0
0.0
0.0
0.0
0.0
0.0
0.33766657305539116
0.14423693915637148
0.35838593305540417
0.05455737160126459
0.08939072321757738
0.06602636739200289
0.0
0.0
0.0
0.0
0.0
0.0
0.0
0.0
0.0
0.0
0.0
0.0
0.0
0.0
0.0
0.0
0.0
0.0
0.301480018986735
0.17037912436112673
0.12798804251205992
0.06957385797712068
0.04419257353873062
0.01609270626291126
0.0
0.0
0.0
0.0
0.0
0.0
0.0
0.0
0.0
0.0
0.0
0.0
0.0
0.0
0.0
0.0
0.0
0.0038712007774372188
0.07670227769451261
0.3378907988717795
0.17906729783075553
0.26157492466963955
0.10801588680880246
0.024264845012380895
0.0
0.0
0.0
0.0
0.0
0.0
0.0
0.0
0.0
0.0
0.0
0.0
0.0
0.0
0.0
0.0
0.0
0.0
0.3493195693767199
0.20087204855369106
0.3691950082390626
0.19096656090926276
0.14927768877934994
0.04598214311062549
0.0
0.0
0.0
0.0
0.0
0.0
0.0
0.0
0.0
0.0
0.0
0.0
0.0
0.0
0.0
0.0
0.0
0.01726203050176199
0.31228197488953885
0.1557870909704286
0.07315368877981263
0.04895414999963837
0.08598955549211874
0.014311081338371506
0.0
0.0
0.0
0.0
0.0
0.0
0.0
0.0
0.0
0.0
0.0
0.0
0.0
0.0
0.0
0.0
0.0
0.0
0.34575579819112623
0.35785060520362477
0.2837993589413414
0.0037659328308553243
0.00401060629799553
0.014420968779449449
0.0
0.0
0.0
0.0
0.0
0.0
0.0
0.0
0.0
0.0
0.0
0.0
0.0
0.0
0.0
0.0
0.0
0.0
0.34973775172675486
0.3871822429955789
0.35422644220514815
0.2181375681940101
0.07353052163701024
0.08727496572064534
0.0
0.0
0.0
0.0
0.0
0.0
0.0
0.0
0.0
0.0
0.0
0.0
0.0
0.0
0.0
0.0
0.0
0.36389523779182226
0.33773983441626426
0.17525985407945185
0.24747038334969534
0.09919175987423687
0.034757403925590596
0.002262184155445166
0.0
0.0
0.0
0.0
0.0
0.0
0.0
0.0
0.0
0.0
0.0
0.0
0.0
0.0
0.0
0.0
0.0
0.3994875225461181
0.2992993621199327
0.16393718287453501
0.17887509472603622
0.10079669056190467
0.0636691144036643
0.015308254685644123
0.0
0.0
0.0
0.0
0.0
0.0
0.0
0.0
0.0
0.0
0.0
0.0
0.0
0.0
0.0
0.0
0.0
0.331728051745224
0.3320546732304957
0.39843964349645394
0.15445974237365773
0.07684661308693029
0.0348323943078387
0.01610569165197593
0.0
0.0
0.0
0.0
0.0
0.0
0.0
0.0
0.0
0.0
0.0
0.0
0.0
0.0
0.0
0.0
0.0
0.26543412425922847
0.31363818324549547
0.16472747159375414
0.1674434232300006
0.2304889121477737
0.08266159028878066
0.007420772586496012
0.0
0.0
0.0
0.0
0.0
0.0
0.0
0.0
0.0
0.0
0.0
0.0
0.0
0.0
0.0
0.0
0.0
0.34237799972672084
0.2889958790253042
0.19044983833287585
0.3986618718067364
0.16885052427454017
0.03604321824407856
0.1901300674948573
0.0
0.0
0.0
0.0
0.0
0.0
0.0
0.0
0.0
0.0
0.0
0.0
0.0
0.0
0.0
0.0
0.0
0.3893355675685186
0.34243489972945634
0.03405312232556264
0.26734637925624694
0.20833740998615638
0.09046574582241727
0.022683212938005057
0.0
0.0
0.0
0.0
0.0
0.0
0.0
0.0
0.0
0.0
0.0
0.0
0.0
0.0
0.0
0.0
0.0
0.3893355675685186
0.25441309680752305
0.2485803555506756
0.25910781431626106
0.1129489273058361
0.09174998063544168
0.015059380946777256
0.0
0.0
0.0
0.0
0.0
0.0
0.0
0.0
0.0
0.0
0.0
0.0
0.0
0.0
0.0
0.0
0.0
0.17641409154401744
0.24960653806494745
0.09452713952888578
0.10619450254345218
0.012367659291681507
0.03908124913352811
0.003950276764097108
0.0
0.0
0.0
0.0
0.0
0.0
0.0
0.0
0.0
0.0
0.0
0.0
0.0
0.0
0.0
0.0
0.0
0.3729903053223584
0.2910150123310684
0.3312531230678224
0.16791235503266827
0.19650587419271537
0.2714028847599516
0.09547984236414915
0.0
0.0
0.0
0.0
0.0
0.0
0.0
0.0
0.0
0.0
0.0
0.0
0.0
0.0
0.0
0.0
0.0
0.39517654428998006
0.3414812423362525
0.39827587097332606
0.24909280320582933
0.1581029518411874
0.09312022221553923
0.01858290551344292
0.0
0.0
0.0
0.0
0.0
0.0
0.0
0.0
0.0
0.0
0.0
0.0
0.0
0.0
0.0
0.0
0.0
0.19276830258461886
0.22583430338933258
0.3154675560865438
0.23103526465593477
0.12978955926910335
0.2539542639263762
0.01910792823102967
0.0
0.0
0.0
0.0
0.0
0.0
0.0
0.0
0.0
0.0
0.0
0.0
0.0
0.0
0.0
0.0
0.0
0.27475052923681376
0.07116750362184232
0.26776911242527507
0.18660019830121288
0.2943451857966725
0.00121231907711387
0.0
0.0
0.0
0.0
0.0
0.0
0.0
0.0
0.0
0.0
0.0
0.0
0.0
0.0
0.0
0.0
0.0
0.0
0.3628973385380004
0.34254284223372594
0.39796430355476015
0.3630831329040207
0.32651571424250675
0.07275292510578209
0.06923756550147953
0.0
0.0
0.0
0.0
0.0
0.0
0.0
0.0
0.0
0.0
0.0
0.0
0.0
0.0
0.0
0.0
0.0
0.35779666348323735
0.32907928718694535
0.31337535671181804
0.19595063815575908
0.06549956750423222
0.04224703085055089
0.016093951612764727
0.0
0.0
0.0
0.0
0.0
0.0
0.0
0.0
0.0
0.0
0.0
0.0
0.0
0.0
0.0
0.0
0.0
0.09454543550144304
0.2540510827259773
0.3298429643630247
0.2546281653581643
0.09103603508248634
0.08506423047165863
0.021302548625667897
0.0
0.0
0.0
0.0
0.0
0.0
0.0
0.0
0.0
0.0
0.0
0.0
0.0
0.0
0.0
0.0
0.0
0.38847049182437815
0.33108706367949
0.3771233972928048
0.2084918592808611
0.04176592403375567
0.05022043713089837
0.015223071292043514
0.0
0.0
0.0
0.0
0.0
0.0
0.0
0.0
0.0
0.0
0.0
0.0
0.0
0.0
0.0
0.0
0.0
0.26543412425922847
0.2966611847234221
0.3107849762409347
0.1508329919853549
0.05089336600012023
0.06997419300311697
0.005705558228713657
0.0
0.0
0.0
0.0
0.0
0.0
0.0
0.0
0.0
0.0
0.0
0.0
0.0
0.0
0.0
0.0
0.0
0.3048857797248243
0.3311100885398268
0.38829356906834755
0.38009189722126
0.21074044744846265
0.18308622231214006
0.054022112820091304
0.0
0.0
0.0
0.0
0.0
0.0
0.0
0.0
0.0
0.0
0.0
0.0
0.0
0.0
0.0
0.0
0.0
0.20984019022484846
0.34389976937841576
0.17341467662593668
0.141464238243033
0.18166876934453194
0.21574567739462558
0.07523484298122289
0.0
0.0
0.0
0.0
0.0
0.0
0.0
0.0
0.0
0.0
0.0
0.0
0.0
0.0
0.0
0.0
0.0
0.3787387628257757
0.3297713278116542
0.2891485699363581
0.09714785723127725
0.08095122998909393
0.05347442181299057
0.02122900033591844
0.0
0.0
0.0
0.0
0.0
0.0
0.0
0.0
0.0
0.0
0.0
0.0
0.0
0.0
0.0
0.0
0.0
0.16854875920825133
0.21694184181843787
0.35886142549320904
0.26876659149270576
0.013079268140053604
0.029882918914258736
0.04188170205154246
0.0
0.0
0.0
0.0
0.0
0.0
0.0
0.0
0.0
0.0
0.0
0.0
0.0
0.0
0.0
0.0
0.0
0.08140472677951863
0.1989730997272541
0.3551453896027168
0.20832430950810932
0.41379838689991527
0.16307903027379383
0.11621582288756391
0.0
0.0
0.0
0.0
0.0
0.0
0.0
0.0
0.0
0.0
0.0
0.0
0.0
0.0
0.0
0.0
0.0
0.380178150958331
0.2701348126675097
0.23060436035227533
0.09353795145014925
0.0821295799626601
0.08016163929029112
0.012598551927616703
0.0
0.0
0.0
0.0
0.0
0.0
0.0
0.0
0.0
0.0
0.0
0.0
0.0
0.0
0.0
0.0
0.0
0.38756074454231887
0.33883168635940514
0.3847405979118581
0.21796944259420797
0.24137977184559148
0.048632054977540536
0.018665934497539297
0.0
0.0
0.0
0.0
0.0
0.0
0.0
0.0
0.0
0.0
0.0
0.0
0.0
0.0
0.0
0.0
0.0
0.2009675447953887
0.2398089141791535
0.15498646994466786
0.19288456185467776
0.19607799067568127
0.12933712333173983
0.031841115468243586
0.0
0.0
0.0
0.0
0.0
0.0
0.0
0.0
0.0
0.0
0.0
0.0
0.0
0.0
0.0
0.0
0.0
0.2561266380467233
0.21083952556240212
0.24701742720062214
0.2277457282740888
0.20850085638210458
0.16536465609665232
0.043378214395601924
0.0
0.0
0.0
0.0
0.0
0.0
0.0
0.0
0.0
0.0
0.0
0.0
0.0
0.0
0.0
0.0
0.0
0.39944548345912717
0.3278650047246291
0.388531715218143
0.22384722656493672
0.1659894172474763
0.08712411078734876
0.015167866784161143
0.0
0.0
0.0
0.0
0.0
0.0
0.0
0.0
0.0
0.0
0.0
0.0
0.0
0.0
0.0
0.0
0.0
0.23977725311656037
0.336048432399578
0.2487388432029655
0.22314553157564787
0.1732272235810365
0.16218278644984557
0.034740664711202074
0.0
0.0
0.0
0.0
0.0
0.0
0.0
0.0
0.0
0.0
0.0
0.0
0.0
0.0
0.0
0.0
0.0
0.2546470842492999
0.21213233942266568
0.28624946168948173
0.24238222875717766
0.20024520362161582
0.18884448004013119
0.0336396873942913
0.0
0.0
0.0
0.0
0.0
0.0
0.0
0.0
0.0
0.0
0.0
0.0
0.0
0.0
0.0
0.0
0.0
0.393232371367104
0.3278514377287728
0.3287583572710665
0.22224424044533647
0.1579467203381375
0.3671333444243599
0.015703846099752127
0.0
0.0
0.0
0.0
0.0
0.0
0.0
0.0
0.0
0.0
0.0
0.0
0.0
0.0
0.0
0.0
0.0
0.3350261943075271
0.3359526591635717
0.3507255711217037
0.21227166986685575
0.03170667347162121
0.19483056130721868
0.045586697008150344
0.0
0.0
0.0
0.0
0.0
0.0
0.0
0.0
0.0
0.0
0.0
0.0
0.0
0.0
0.0
0.0
0.0
0.40227806756830276
0.3296480773507197
0.3306058884155625
0.2906085935498587
0.3668233995310188
0.057315993199519924
0.04931752219604179
0.0
0.0
0.0
0.0
0.0
0.0
0.0
0.0
0.0
0.0
0.0
0.0
0.0
0.0
0.0
0.0
0.0
0.2005303437797776
0.2292611519879308
0.14609775551023552
0.11865124438290539
0.055471270800537716
0.18530895417215518
0.04142942043487282
0.0
0.0
0.0
0.0
0.0
0.0
0.0
0.0
0.0
0.0
0.0
0.0
0.0
0.0
0.0
0.0
0.0
0.2944894756659696
0.3071484209832842
0.2776951862265662
0.24357570613809867
0.3514622202141731
0.15846546508909123
0.03682896951244991
0.0
0.0
0.0
0.0
0.0
0.0
0.0
0.0
0.0
0.0
0.0
0.0
0.0
0.0
0.0
0.0
0.0
0.2594148237044712
0.22894934760103183
0.2722746022608691
0.22087858420572057
0.07450220240606521
0.12779772878234943
0.02598504899363944
0.0
0.0
0.0
0.0
0.0
0.0
0.0
0.0
0.0
0.0
0.0
0.0
0.0
0.0
0.0
0.0
0.0
0.09699552179554535
0.18525484267187028
0.27608397472922475
0.37091791488205345
0.3754164130872349
0.19865491128486912
0.09736094271164347
0.0
0.0
0.0
0.0
0.0
0.0
0.0
0.0
0.0
0.0
0.0
0.0
0.0
0.0
0.0
0.0
0.0
0.09451568794794028
0.18972006606863362
0.27687349145986134
0.2873273490948018
0.5122982643853948
0.17020563183417478
0.020095503428664188
0.0
0.0
0.0
0.0
0.0
0.0
0.0
0.0
0.0
0.0
0.0
0.0
0.0
0.0
0.0
0.0
0.0
0.3811553901644199
0.33646573818929215
0.1341471841882662
0.30945340127358806
0.14076141582436136
0.17488707873892934
0.04986025633036837
0.0
0.0
0.0
0.0
0.0
0.0
0.0
0.0
0.0
0.0
0.0
0.0
0.0
0.0
0.0
0.0
0.0
0.3520366898826488
0.1777246432787771
0.3274173790386904
0.36117201686885564
0.16257701905779692
0.24338601551451236
0.02676395882156999
0.0
0.0
0.0
0.0
0.0
0.0
0.0
0.0
0.0
0.0
0.0
0.0
0.0
0.0
0.0
0.0
0.0
0.370711498915001
0.33413388025195484
0.2493491957154438
0.31363127784675493
0.12526207226168162
0.19904091235711324
0.01337440956664761
0.0
0.0
0.0
0.0
0.0
0.0
0.0
0.0
0.0
0.0
0.0
0.0
0.0
0.0
0.0
0.0
0.0
0.25182817660841483
0.3542891844207178
0.329590731846032
0.11190351839750581
0.07830214765549892
0.06436504234686309
0.01520658504477127
0.0
0.0
0.0
0.0
0.0
0.0
0.0
0.0
0.0
0.0
0.0
0.0
0.0
0.0
0.0
0.0
0.0
0.393237132444219
0.3359789579633205
0.32578906128547164
0.37056956322158224
0.24062254710397707
0.10716919640843799
0.017818400994438377
0.0
0.0
0.0
0.0
0.0
0.0
0.0
0.0
0.0
0.0
0.0
0.0
0.0
0.0
0.0
0.0
0.0
0.36576388576929336
0.3405041203392779
0.3133848283313693
0.3542672893472942
0.3601923374440976
0.11688121255541083
0.010828629555364504
0.0
0.0
0.0
0.0
0.0
0.0
0.0
0.0
0.0
0.0
0.0
0.0
0.0
0.0
0.0
0.0
0.0
0.3863633727204521
0.3499547861409527
0.38695159309989713
0.3285365156164139
0.0037628160227772644
0.27172193536583567
0.09622398763644098
0.0
0.0
0.0
0.0
0.0
0.0
0.0
0.0
0.0
0.0
0.0
0.0
0.0
0.0
0.0
0.0
0.0
0.38733959673839263
0.35260507684028386
0.4031272868389853
0.44657093048141827
0.20952589972657112
0.11498600280318151
0.01948063411673089
0.0
0.0
0.0
0.0
0.0
0.0
0.0
0.0
0.0
0.0
0.0
0.0
0.0
0.0
0.0
0.0
0.0
0.37331312309740383
0.35631020000914987
0.39950552661761973
0.2498988664534683
0.24174122563559639
0.08262430289261054
0.021185273070047854
0.0
0.0
0.0
0.0
0.0
0.0
0.0
0.0
0.0
0.0
0.0
0.0
0.0
0.0
0.0
0.0
0.0
0.25970853986926157
0.2550058352640367
0.36646165298378613
0.1989497089027156
0.22406881742480692
0.23079357169807563
0.06650123512077413
0.0
0.0
0.0
0.0
0.0
0.0
0.0
0.0
0.0
0.0
0.0
0.0
0.0
0.0
0.0
0.0
0.0
0.0
0.3512942502877004
0.3844820951763018
0.24790325357231566
0.21846787525502415
0.2418990829986661
0.020751378943615922
0.0
0.0
0.0
0.0
0.0
0.0
0.0
0.0
0.0
0.0
0.0
0.0
0.0
0.0
0.0
0.0
0.0
0.0
0.19682515460300842
0.16625318800520417
0.2389060489814469
0.2377532466540445
0.1833648237911337
0.045286965913792616
0.0
0.0
0.0
0.0
0.0
0.0
0.0
0.0
0.0
0.0
0.0
0.0
0.0
0.0
0.0
0.0
0.0
0.0
0.26970379530035854
0.2703431702492354
0.06968696705288545
0.23516642667607812
0.10739221192920949
0.0056781853382489285
0.0
0.0
0.0
0.0
0.0
0.0
0.0
0.0
0.0
0.0
0.0
0.0
0.0
0.0
0.0
0.0
0.0
0.0
0.24104347841032542
0.19814635371656902
0.22374287423727782
0.13620207741526322
0.11892764910301243
0.028875478070753746
0.0
0.0
0.0
0.0
0.0
0.0
0.0
0.0
0.0
0.0
0.0
0.0
0.0
0.0
0.0
0.0
0.0
0.0
0.3575043213290294
0.3061718460543805
0.24717775415999907
0.18886760760505766
0.14363311752501814
0.037216920338172935
0.0
0.0
0.0
0.0
0.0
0.0
0.0
0.0
0.0
0.0
0.0
0.0
0.0
0.0
0.0
0.0
0.0
0.0
0.36737888507070604
0.40622973244837646
0.390975909012577
0.29848863926520336
0.35976713644078534
0.057317756677015275
0.0
0.0
0.0
0.0
0.0
0.0
0.0
0.0
0.0
0.0
0.0
0.0
0.0
0.0
0.0
0.0
0.0
0.0
0.28449360453232336
0.17493950861871274
0.22690830002387527
0.45913350059436964
0.2849183985192625
0.0234145371884293
0.0
0.0
0.0
0.0
0.0
0.0
0.0
0.0
0.0
0.0
0.0
0.0
0.0
0.0
0.0
0.0
0.0
0.0
0.16962861675253268
0.20932367624983964
0.35634802730982
0.18932536689306054
0.07476804739046705
0.018628057076094922
0.0
0.0
0.0
0.0
0.0
0.0
0.0
0.0
0.0
0.0
0.0
0.0
0.0
0.0
0.0
0.0
0.0
0.0
0.30312683460342177
0.3234238617582013
0.2928805490952723
0.18111959816158232
0.12865942292818755
0.12106137650296024
0.0
0.0
0.0
0.0
0.0
0.0
0.0
0.0
0.0
0.0
0.0
0.0
0.0
0.0
0.0
0.0
0.0
0.0
0.3449488636191433
0.3420185820169556
0.38694438023587935
0.2379752690119379
0.16205112980619196
0.14929105603002327
0.0
0.0
0.0
0.0
0.0
0.0
0.0
0.0
0.0
0.0
0.0
0.0
0.0
0.0
0.0
0.0
0.0
0.0
0.25432685209328726
0.11878911056398428
0.2416194994910459
0.12712736651531018
0.07623690264852483
0.16212973488506408
0.0
0.0
0.0
0.0
0.0
0.0
0.0
0.0
0.0
0.0
0.0
0.0
0.0
0.0
0.0
0.0
0.0
0.0
0.36970727018337496
0.31746534013509503
0.11130881126881663
0.14796437813052168
0.2233463821478871
0.0531918441907627
0.0
0.0
0.0
0.0
0.0
0.0
0.0
0.0
0.0
0.0
0.0
0.0
0.0
0.0
0.0
0.0
0.0
0.0
0.3034748513197132
0.35709976109930935
0.36325337519316475
0.31296561614959245
0.06073509112678536
0.09979900598339743
0.0
0.0
0.0
0.0
0.0
0.0
0.0
0.0
0.0
0.0
0.0
0.0
0.0
0.0
0.0
0.0
0.0
0.0
0.14111658987798717
0.3011987180562153
0.36619018292170524
0.23521405753054161
0.21909265073644285
0.01578375994129453
0.0
0.0
0.0
0.0
0.0
0.0
0.0
0.0
0.0
0.0
0.0
0.0
0.0
0.0
0.0
0.0
0.0
0.0
0.26421029990219136
0.16898920929228292
0.23407156727499268
0.01058956890970314
0.051208467399375596
0.00486051488018859
0.0
0.0
0.0
0.0
0.0
0.0
0.0
0.0
0.0
0.0
0.0
0.0
0.0
0.0
0.0
0.0
0.0
0.0
0.3866487399785909
0.16551437556506496
0.34991462639768167
0.014664760761815106
0.12949723009496653
0.011683900996686276
0.0
0.0
0.0
0.0
0.0
0.0
0.0
0.0
0.0
0.0
0.0
0.0
0.0
0.0
0.0
0.0
0.0
0.0
0.12270428466348196
0.27980177044212046
0.3325774097446459
0.25651483342548076
0.15273838884989344
0.01250093799494481
0.0
0.0
0.0
0.0
0.0
0.0
0.0
0.0
0.0
0.0
0.0
0.0
0.0
0.0
0.0
0.0
0.0
0.0
0.23303002463023081
0.16323453322917167
0.18518398205412961
0.15689315713267185
0.0682834755005523
0.011835336896242292
0.0
0.0
0.0
0.0
0.0
0.0
0.0
0.0
0.0
0.0
0.0
0.0
0.0
0.0
0.0
0.0
0.0
0.0
0.3780359890359272
0.2707046437165571
0.28887041039363376
0.12227534110634367
0.15070431975623655
0.013389914308941651
0.0
0.0
0.0
0.0
0.0
0.0
0.0
0.0
0.0
0.0
0.0
0.0
0.0
0.0
0.0
0.0
0.0
0.0
0.37980724273895283
0.3072419727975279
0.2764299313083455
0.34871462308157464
0.0
0.0
0.0
0.0
0.0
0.0
0.0
0.0
0.0
0.0
0.0
0.0
0.0
0.0
0.0
0.0
0.0
0.0
0.0
0.0
0.3782336862217132
0.08402007644957116
0.24755379369978117
0.08625429109442455
0.05004717818520398
0.002259640163592575
0.0
0.0
0.0
0.0
0.0
0.0
0.0
0.0
0.0
0.0
0.0
0.0
0.0
0.0
0.0
0.0
0.0
0.0
0.30728056636534296
0.38909767525619604
0.16828973064223926
0.34501387321634364
0.13666668374336854
0.009091559693759436
0.0
0.0
0.0
0.0
0.0
0.0
0.0
0.0
0.0
0.0
0.0
0.0
0.0
0.0
0.0
0.0
0.0
0.0
0.24924749241734886
0.407459758122322
0.03619431452978934
0.3238764071490188
0.027464324437868358
0.0
0.0
0.0
0.0
0.0
0.0
0.0
0.0
0.0
0.0
0.0
0.0
0.0
0.0
0.0
0.0
0.0
0.0
0.0
0.2935634030558449
0.33506626549843205
0.27588928869132257
0.18968368376673203
0.1477702338531103
0.009952385720154272
0.0
0.0
0.0
0.0
0.0
0.0
0.0
0.0
0.0
0.0
0.0
0.0
0.0
0.0
0.0
0.0
0.0
0.0
0.31549510186254615
0.13980263220974984
0.11047604971971244
0.06334675081169022
0.10225486303760957
0.006608831007263775
0.0
0.0
0.0
0.0
0.0
0.0
0.0
0.0
0.0
0.0
0.0
0.0
0.0
0.0
0.0
0.0
0.0
0.0
0.19028255308824762
0.3635465186954521
0.28994712222024094
0.3118804624663196
0.23507991373120543
0.02129922383006714
0.0
0.0
0.0
0.0
0.0
0.0
0.0
0.0
0.0
0.0
0.0
0.0
0.0
0.0
0.0
0.0
0.0
0.0
0.21602359961890066
0.421575149866171
0.3484784166127974
0.33194973521592114
0.03991279206503308
0.0
0.0
0.0
0.0
0.0
0.0
0.0
0.0
0.0
0.0
0.0
0.0
0.0
0.0
0.0
0.0
0.0
0.0
0.0
0.3883725654524082
0.32318137892437504
0.18011365670785995
0.18473479667854203
0.07102219850682495
0.003113889094189727
0.0
0.0
0.0
0.0
0.0
0.0
0.0
0.0
0.0
0.0
0.0
0.0
0.0
0.0
0.0
0.0
0.0
0.0
0.16116500115185392
0.12165609963741862
0.16501821143487383
0.20273438404275762
0.04291050613968026
0.0
0.0
0.0
0.0
0.0
0.0
0.0
0.0
0.0
0.0
0.0
0.0
0.0
0.0
0.0
0.0
0.0
0.0
0.0
0.31924519635212695
0.36577103379432174
0.26881814813130067
0.15140536894422194
0.07024136989111476
0.0022858132631635815
0.0
0.0
0.0
0.0
0.0
0.0
0.0
0.0
0.0
0.0
0.0
0.0
0.0
0.0
0.0
0.0
0.0
0.0
0.29972283338903566
0.20284250080102553
0.16194340909542004
0.19124517006045988
0.07589197568219502
0.0022823815458859805
0.0
0.0
0.0
0.0
0.0
0.0
0.0
0.0
0.0
0.0
0.0
0.0
0.0
0.0
0.0
0.0
0.0
0.0
0.3195392454194256
0.2859510711514361
0.2207331883025189
0.13956462398225494
0.07577198068569557
0.0014116527240712695
0.0
0.0
0.0
0.0
0.0
0.0
0.0
0.0
0.0
0.0
0.0
0.0
0.0
0.0
0.0
0.0
0.0
0.0
0.28204716292968884
0.3889943683774979
0.24349056066863986
0.115162522740903
0.23120025628619922
0.006429210419525511
0.0
0.0
0.0
0.0
0.0
0.0
0.0
0.0
0.0
0.0
0.0
0.0
0.0
0.0
0.0
0.0
0.0
0.0
0.24851776074205192
0.23832332414487084
0.271497828031048
0.2488778889589957
0.0998830838230626
0.002267662874590113
0.0
0.0
0.0
0.0
0.0
0.0
0.0
0.0
0.0
0.0
0.0
0.0
0.0
0.0
0.0
0.0
0.0
0.0
0.15191315042417403
0.2205662014370396
0.18477566392199654
0.16811201362106834
0.12440317540459497
0.0022177893818038745
0.0
0.0
0.0
0.0
0.0
0.0
0.0
0.0
0.0
0.0
0.0
0.0
0.0
0.0
0.0
0.0
0.0
0.0
0.36453106039558986
0.3293308085696494
0.3569782919409473
0.3269326513703327
0.45357180129172125
0.07380622132232331
0.0
0.0
0.0
0.0
0.0
0.0
0.0
0.0
0.0
0.0
0.0
0.0
0.0
0.0
0.0
0.0
0.0
0.40612379995108944
0.29009598371115247
0.05690850505089224
0.09879492915273504
0.03709132439324406
0.03495325475375292
0.0
0.0
0.0
0.0
0.0
0.0
0.0
0.0
0.0
0.0
0.0
0.0
0.0
0.0
0.0
0.0
0.0
0.0
0.10488136182854987
0.21297217212064867
0.1353338000953119
0.21058585764180535
0.0884941836769554
0.05145863925898672
0.005724458907850125
0.0
0.0
0.0
0.0
0.0
0.0
0.0
0.0
0.0
0.0
0.0
0.0
0.0
0.0
0.0
0.0
0.0
0.35678751414079696
0.372080489086429
0.31631979270684923
0.213280518188943
0.2322676323709622
0.012382515488630659
0.004874293425471634
0.0
0.0
0.0
0.0
0.0
0.0
0.0
0.0
0.0
0.0
0.0
0.0
0.0
0.0
0.0
0.0
0.0
0.4107655740849693
0.300858047208168
0.18427276954059685
0.03659330079561701
0.1641995221652534
0.08267178979685047
0.0
0.0
0.0
0.0
0.0
0.0
0.0
0.0
0.0
0.0
0.0
0.0
0.0
0.0
0.0
0.0
0.0
0.0
0.13237375795332815
0.3098805832516014
0.37793669143948116
0.2501443734981725
0.12537002682720336
0.041467263493517016
0.0
0.0
0.0
0.0
0.0
0.0
0.0
0.0
0.0
0.0
0.0
0.0
0.0
0.0
0.0
0.0
0.0
0.0
0.3853049561730369
0.22982659899798275
0.33474766375835247
0.2316031266047831
0.25912228520376196
0.12871640979307947
0.0
0.0
0.0
0.0
0.0
0.0
0.0
0.0
0.0
0.0
0.0
0.0
0.0
0.0
0.0
0.0
0.0
0.0
0.15499471739604725
0.26819331480070746
0.18795915929077298
0.03258485825628005
0.21771853536370342
0.21549479448899841
0.0
0.0
0.0
0.0
0.0
0.0
0.0
0.0
0.0
0.0
0.0
0.0
0.0
0.0
0.0
0.0
0.0
0.0
0.387533718241907
0.37485576773739787
0.34184919050924106
0.3205518867199102
0.1461734941616484
0.1444593107643044
0.0
0.0
0.0
0.0
0.0
0.0
0.0
0.0
0.0
0.0
0.0
0.0
0.0
0.0
0.0
0.0
0.0
0.0
0.41290255477004045
0.37672152797186753
0.3010578775261395
0.4132160980680472
0.15940338242050586
0.20941981540172094
0.0
0.0
0.0
0.0
0.0
0.0
0.0
0.0
0.0
0.0
0.0
0.0
0.0
0.0
0.0
0.0
0.0
0.0
0.21825202254792334
0.39024813048547125
0.2164456313584693
0.2402389822858663
0.13941947244417072
0.08278610505107842
0.0
0.0
0.0
0.0
0.0
0.0
0.0
0.0
0.0
0.0
0.0
0.0
0.0
0.0
0.0
0.0
0.0
0.0
0.20776620471294438
0.21464637482450014
0.3548178722414115
0.2873469900101702
0.194923997230867
0.06469151272157501
0.0
0.0
0.0
0.0
0.0
0.0
0.0
0.0
0.0
0.0
0.0
0.0
0.0
0.0
0.0
0.0
0.0
0.0
0.4135534724995356
0.28887245933103595
0.14951035179460215
0.08017413855734049
0.22885190304936304
0.07781123791464305
0.0
0.0
0.0
0.0
0.0
0.0
0.0
0.0
0.0
0.0
0.0
0.0
0.0
0.0
0.0
0.0
0.0
0.0
0.05435879793705803
0.1943795790948262
0.2675127880568374
0.08842841186273116
0.060031041906122996
0.10094423352003053
0.0
0.0
0.0
0.0
0.0
0.0
0.0
0.0
0.0
0.0
0.0
0.0
0.0
0.0
0.0
0.0
0.0
0.0
0.261239714743676
0.30476636018505904
0.15065038512755421
0.34415219170139866
0.001232335843733584
0.11387933382170831
0.0
0.0
0.0
0.0
0.0
0.0
0.0
0.0
0.0
0.0
0.0
0.0
0.0
0.0
0.0
0.0
0.0
0.0
0.2586905694673074
0.11707895954455147
0.3044274265826502
0.06908159679415972
0.22122723337669326
0.09367651274618889
0.0
0.0
0.0
0.0
0.0
0.0
0.0
0.0
0.0
0.0
0.0
0.0
0.0
0.0
0.0
0.0
0.0
0.0
0.31616376771474586
0.3838767855305101
0.32147325361731877
0.16535958614756913
0.20691882826608116
0.05399783522406006
0.0
0.0
0.0
0.0
0.0
0.0
0.0
0.0
0.0
0.0
0.0
0.0
0.0
0.0
0.0
0.0
0.0
0.0
0.2937216379919929
0.18461631463765765
0.18238415681699807
0.207352768910198
0.1717690654472759
0.08299114145260203
0.0
0.0
0.0
0.0
0.0
0.0
0.0
0.0
0.0
0.0
0.0
0.0
0.0
0.0
0.0
0.0
0.0
0.0
0.28912970536442195
0.15911449781396625
0.19575350283273146
0.1072629820298541
0.12482957383815721
0.041691343492205886
0.0
0.0
0.0
0.0
0.0
0.0
0.0
0.0
0.0
0.0
0.0
0.0
0.0
0.0
0.0
0.0
0.0
0.0
0.3181996291818027
0.427578683537799
0.2480134642651687
0.04078110355013112
0.09703027012218128
0.07224909951259852
0.0
0.0
0.0
0.0
0.0
0.0
0.0
0.0
0.0
0.0
0.0
0.0
0.0
0.0
0.0
0.0
0.0
0.0
0.4059402249467501
0.3301904554055938
0.382061396852483
0.2471840631221246
0.19927537542506146
0.11557194231533577
0.0
0.0
0.0
0.0
0.0
0.0
0.0
0.0
0.0
0.0
0.0
0.0
0.0
0.0
0.0
0.0
0.0
0.0
0.25870744762883496
0.36769895001238784
0.058038306980056124
0.10099426989357022
0.13346899427331313
0.11924763744047517
0.0
0.0
0.0
0.0
0.0
0.0
0.0
0.0
0.0
0.0
0.0
0.0
0.0
0.0
0.0
0.0
0.0
0.0
0.30942843141000176
0.16245206705570286
0.11658991978183664
0.16658732228791664
0.06977210683243405
0.0610779501125657
0.0
0.0
0.0
0.0
0.0
0.0
0.0
0.0
0.0
0.0
0.0
0.0
0.0
0.0
0.0
0.0
0.0
0.0
0.3716139962975746
0.3079346765428158
0.19241687966293977
0.19141593424082556
0.07877327358277707
0.11581503590678172
0.0
0.0
0.0
0.0
0.0
0.0
0.0
0.0
0.0
0.0
0.0
0.0
0.0
0.0
0.0
0.0
0.0
0.0
0.40678761334727453
0.15688158411122022
0.3333563478019729
0.25628075261090244
0.021526003189693468
0.019560521982452145
0.0
0.0
0.0
0.0
0.0
0.0
0.0
0.0
0.0
0.0
0.0
0.0
0.0
0.0
0.0
0.0
0.0
0.0
0.15819402254915851
0.4002651126524371
0.3370848483049147
0.07960342163885843
0.0398852356631116
0.05221016363987699
0.0
0.0
0.0
0.0
0.0
0.0
0.0
0.0
0.0
0.0
0.0
0.0
0.0
0.0
0.0
0.0
0.0
0.0
0.41091872000638074
0.43467371589846987
0.370437048622499
0.2901677579959801
0.16624808346457784
0.008250193915995756
0.0
0.0
0.0
0.0
0.0
0.0
0.0
0.0
0.0
0.0
0.0
0.0
0.0
0.0
0.0
0.0
0.0
0.0
0.4048596299046603
0.37265982389418467
0.3714418384050274
0.32166483607600205
0.12702060609343635
0.03722003141115058
0.0
0.0
0.0
0.0
0.0
0.0
0.0
0.0
0.0
0.0
0.0
0.0
0.0
0.0
0.0
0.0
0.0
0.0
0.39700992333849455
0.3111780694055675
0.4100230992150266
0.27821353818768674
0.029032172894508688
0.0494281781213892
0.0
0.0
0.0
0.0
0.0
0.0
0.0
0.0
0.0
0.0
0.0
0.0
0.0
0.0
0.0
0.0
0.0
0.0
0.09046000310947552
0.2664695055642684
0.4243486115054161
0.39154666483778544
0.26643705521411004
0.38050720604152816
0.0
0.0
0.0
0.0
0.0
0.0
0.0
0.0
0.0
0.0
0.0
0.0
0.0
0.0
0.0
0.0
0.0
0.0
0.14635712849882906
0.17422623884035413
0.2928508927954365
0.3752994954135363
0.13770950043156682
0.3544335567096802
0.0
0.0
0.0
0.0
0.0
0.0
0.0
0.0
0.0
0.0
0.0
0.0
0.0
0.0
0.0
0.0
0.0
0.0
0.4035943929786733
0.26673043860666795
0.4256151416084004
0.2944161427377997
0.1644688603337671
0.34965457951025875
0.0
0.0
0.0
0.0
0.0
0.0
0.0
0.0
0.0
0.0
0.0
0.0
0.0
0.0
0.0
0.0
0.0
0.0
0.30029366869343815
0.4164540013089
0.3601919111883169
0.5133558403086196
0.39491838259638895
0.10955495900312834
0.0
0.0
0.0
0.0
0.0
0.0
0.0
0.0
0.0
0.0
0.0
0.0
0.0
0.0
0.0
0.0
0.0
0.0
0.1748138501992228
0.24673793216156464
0.3132749207632827
0.5130666812547763
0.10238780186706795
0.0479637606020003
0.0
0.0
0.0
0.0
0.0
0.0
0.0
0.0
0.0
0.0
0.0
0.0
0.0
0.0
0.0
0.0
0.0
0.0
0.28018790242029495
0.34199416197977756
0.08475483961069492
0.27669310853535983
0.10313561683951493
0.03724172580330249
0.0
0.0
0.0
0.0
0.0
0.0
0.0
0.0
0.0
0.0
0.0
0.0
0.0
0.0
0.0
0.0
0.0
0.0
0.36347227780656244
0.4354393744860368
0.4233067030656495
0.37991424573981053
0.2592306165846287
0.04438061818164191
0.0
0.0
0.0
0.0
0.0
0.0
0.0
0.0
0.0
0.0
0.0
0.0
0.0
0.0
0.0
0.0
0.0
0.0
0.3988923433248376
0.42726446796803175
0.32432439346783964
0.0595700391878122
0.07823757482922009
0.041619415950542964
0.0
0.0
0.0
0.0
0.0
0.0
0.0
0.0
0.0
0.0
0.0
0.0
0.0
0.0
0.0
0.0
0.0
0.0
0.3948922574626419
0.32779671982672126
0.3201513024384971
0.2321904517642693
0.1065323467753387
0.026381878125661177
0.0
0.0
0.0
0.0
0.0
0.0
0.0
0.0
0.0
0.0
0.0
0.0
0.0
0.0
0.0
0.0
0.0
0.0
0.22212165070648912
0.34826936213715465
0.36019613072608764
0.21371123353885263
0.24885703123725325
0.1264923635103911
0.0
0.0
0.0
0.0
0.0
0.0
0.0
0.0
0.0
0.0
0.0
0.0
0.0
0.0
0.0
0.0
0.0
0.0
0.29451572374411167
0.43437140817950853
0.24665210119776307
0.2265505365998205
0.19915384656680737
0.10198683458061207
0.0
0.0
0.0
0.0
0.0
0.0
0.0
0.0
0.0
0.0
0.0
0.0
0.0
0.0
0.0
0.0
0.0
0.0
0.3892141191008869
0.4115832759452822
0.42092170423431413
0.19821918123311483
0.5478837661578893
0.4055830524728864
0.0
0.0
0.0
0.0
0.0
0.0
0.0
0.0
0.0
0.0
0.0
0.0
0.0
0.0
0.0
0.0
0.0
0.0
0.3678983156105255
0.3721994999727631
0.3821879698015248
0.21865621111569555
0.18453528306636596
0.08781526679239714
0.0
0.0
0.0
0.0
0.0
0.0
0.0
0.0
0.0
0.0
0.0
0.0
0.0
0.0
0.0
0.0
0.0
0.0
0.24102716414798708
0.16794669082446567
0.17333683053660157
0.5092848431143635
0.12659452466121118
0.2883350704344676
0.0
0.0
0.0
0.0
0.0
0.0
0.0
0.0
0.0
0.0
0.0
0.0
0.0
0.0
0.0
0.0
0.0
0.0
0.3951796992425332
0.1138937878670947
0.11599988599038454
0.12244021373474615
0.21513739865913012
0.04117284975509046
0.0
0.0
0.0
0.0
0.0
0.0
0.0
0.0
0.0
0.0
0.0
0.0
0.0
0.0
0.0
0.0
0.0
0.0
0.23872043501564802
0.32664669467124524
0.0766097161610761
0.2163832668086698
0.10258331416247661
0.07139699286844242
0.0
0.0
0.0
0.0
0.0
0.0
0.0
0.0
0.0
0.0
0.0
0.0
0.0
0.0
0.0
0.0
0.0
0.0
0.04526622894609744
0.2524211787429597
0.08056119336788667
0.20138508382615064
0.13706603835930786
0.20382004420273253
0.0
0.0
0.0
0.0
0.0
0.0
0.0
0.0
0.0
0.0
0.0
0.0
0.0
0.0
0.0
0.0
0.0
0.0
0.3716102380314196
0.388372355257968
0.37931546202359606
0.13682204401933834
0.2551406201277841
0.10891888170827346
0.0
0.0
0.0
0.0
0.0
0.0
0.0
0.0
0.0
0.0
0.0
0.0
0.0
0.0
0.0
0.0
0.0
0.0
0.3077444070959347
0.15839877932523844
0.34289051117658786
0.3024819894831028
0.37350131231579314
0.3028428480349055
0.0
0.0
0.0
0.0
0.0
0.0
0.0
0.0
0.0
0.0
0.0
0.0
0.0
0.0
0.0
0.0
0.0
0.0
0.2565169049955707
0.29215602155649095
0.1356519656032722
0.03609062040508791
0.15243672786346033
0.11632080044494768
0.0
0.0
0.0
0.0
0.0
0.0
0.0
0.0
0.0
0.0
0.0
0.0
0.0
0.0
0.0
0.0
0.0
0.0
0.37347959261182295
0.43784482278508796
0.2357073770184227
0.34373654196645737
0.36289483397489175
0.09753728644873605
0.0
0.0
0.0
0.0
0.0
0.0
0.0
0.0
0.0
0.0
0.0
0.0
0.0
0.0
0.0
0.0
0.0
0.0
0.3803563705017995
0.3475743956330313
0.3392123439447721
0.3240081576870065
0.3047833676389969
0.16979873920277713
0.0
0.0
0.0
0.0
0.0
0.0
0.0
0.0
0.0
0.0
0.0
0.0
0.0
0.0
0.0
0.0
0.0
0.0
0.3637742326121523
0.4383624437854637
0.3948073354068227
0.18599591569494897
0.188966182865349
0.03213713809861363
0.0
0.0
0.0
0.0
0.0
0.0
0.0
0.0
0.0
0.0
0.0
0.0
0.0
0.0
0.0
0.0
0.0
0.0
0.3775073428851234
0.2103877035943835
0.23882545432075586
0.2165408564631909
0.11943423954395545
0.3058497802306688
0.0
0.0
0.0
0.0
0.0
0.0
0.0
0.0
0.0
0.0
0.0
0.0
0.0
0.0
0.0
0.0
0.0
0.0
0.08847263677845693
0.26894006528678055
0.40336618382199274
0.4119042915874192
0.23844865021252915
0.058668625130609234
0.0
0.0
0.0
0.0
0.0
0.0
0.0
0.0
0.0
0.0
0.0
0.0
0.0
0.0
0.0
0.0
0.0
0.0
0.0
0.391467111458023
0.03861952128960202
0.06996248976229281
0.22554522710570524
0.04106633439250368
0.0
0.0
0.0
0.0
0.0
0.0
0.0
0.0
0.0
0.0
0.0
0.0
0.0
0.0
0.0
0.0
0.0
0.0
0.0
0.1744680922436786
0.219431907746217
0.07872970657865513
0.006542113277196729
0.03350368315384579
0.0
0.0
0.0
0.0
0.0
0.0
0.0
0.0
0.0
0.0
0.0
0.0
0.0
0.0
0.0
0.0
0.0
0.0
0.0
0.44849524590289397
0.35218890150511756
0.3816365658613409
0.3479145802006385
0.012355910559303828
0.0
0.0
0.0
0.0
0.0
0.0
0.0
0.0
0.0
0.0
0.0
0.0
0.0
0.0
0.0
0.0
0.0
0.0
0.0
0.37036128395927304
0.3394383721594704
0.17204492826443923
0.1382036249041692
0.028003610668707983
0.0
0.0
0.0
0.0
0.0
0.0
0.0
0.0
0.0
0.0
0.0
0.0
0.0
0.0
0.0
0.0
0.0
0.0
0.0
0.3673220741748398
0.07961898136846378
0.15626821573697622
0.023681016297080523
0.017071454015617566
0.0
0.0
0.0
0.0
0.0
0.0
0.0
0.0
0.0
0.0
0.0
0.0
0.0
0.0
0.0
0.0
0.0
0.0
0.0
0.3013092856965531
0.22482299465185054
0.1898415607183554
0.10649879100788483
0.03491313409248226
0.0
0.0
0.0
0.0
0.0
0.0
0.0
0.0
0.0
0.0
0.0
0.0
0.0
0.0
0.0
0.0
0.0
0.0
0.0
0.4520352950693523
0.2914746885202624
0.18865341501631477
0.10045205595988481
0.08410027197853545
0.0
0.0
0.0
0.0
0.0
0.0
0.0
0.0
0.0
0.0
0.0
0.0
0.0
0.0
0.0
0.0
0.0
0.0
0.0
0.26054718079561584
0.3966803154770419
0.2992152375625481
0.5100714143347482
0.32786414924171925
0.0
0.0
0.0
0.0
0.0
0.0
0.0
0.0
0.0
0.0
0.0
0.0
0.0
0.0
0.0
0.0
0.0
0.0
0.0
0.25852640493235285
0.41804333867766746
0.19853111527375084
0.04544728768391686
0.30553658468181266
0.0
0.0
0.0
0.0
0.0
0.0
0.0
0.0
0.0
0.0
0.0
0.0
0.0
0.0
0.0
0.0
0.0
0.0
0.0
0.3256752952081774
0.22684649287150882
0.3289763586636765
0.30152067054265563
0.15763750090415132
0.0
0.0
0.0
0.0
0.0
0.0
0.0
0.0
0.0
0.0
0.0
0.0
0.0
0.0
0.0
0.0
0.0
0.0
0.0
0.3599772024896806
0.23885296885680662
0.1419648927327416
0.09561722299904496
0.10184753214127833
0.0
0.0
0.0
0.0
0.0
0.0
0.0
0.0
0.0
0.0
0.0
0.0
0.0
0.0
0.0
0.0
0.0
0.0
0.0
0.36809564281686186
0.20180237878401694
0.16151144945458445
0.05473556445989551
0.25569046088455455
0.0
0.0
0.0
0.0
0.0
0.0
0.0
0.0
0.0
0.0
0.0
0.0
0.0
0.0
0.0
0.0
0.0
0.0
0.0
0.1679522312932895
0.18052026671636173
0.1655177939336683
0.07762230883760499
0.0212920359479907
0.0
0.0
0.0
0.0
0.0
0.0
0.0
0.0
0.0
0.0
0.0
0.0
0.0
0.0
0.0
0.0
0.0
0.0
0.0
0.3644339945781424
0.13351215831133784
0.16859595129999508
0.07509655512782425
0.026452686362009287
0.0
0.0
0.0
0.0
0.0
0.0
0.0
0.0
0.0
0.0
0.0
0.0
0.0
0.0
0.0
0.0
0.0
0.0
0.0
0.403922256337448
0.3835454555964641
0.3221249001251558
0.15409209988375408
0.07552664647485377
0.0
0.0
0.0
0.0
0.0
0.0
0.0
0.0
0.0
0.0
0.0
0.0
0.0
0.0
0.0
0.0
0.0
0.0
0.0
0.4482580854667989
0.25459040324670107
0.21785440854491758
0.4164824737036718
0.17740199037106807
0.0
0.0
0.0
0.0
0.0
0.0
0.0
0.0
0.0
0.0
0.0
0.0
0.0
0.0
0.0
0.0
0.0
0.0
0.0
0.16421854489073895
0.1647660271223937
0.12328015550932747
0.005643981056122409
0.21873913377288323
0.0
0.0
0.0
0.0
0.0
0.0
0.0
0.0
0.0
0.0
0.0
0.0
0.0
0.0
0.0
0.0
0.0
0.0
0.0
0.41055489955281366
0.27491613023502626
0.21034249529949134
0.1259860188870441
0.22822286005602838
0.0
0.0
0.0
0.0
0.0
0.0
0.0
0.0
0.0
0.0
0.0
0.0
0.0
0.0
0.0
0.0
0.0
0.0
0.0
0.25346195793446474
0.40502676237878654
0.4905029266873605
0.1453621846874348
0.2326464088741542
0.0
0.0
0.0
0.0
0.0
0.0
0.0
0.0
0.0
0.0
0.0
0.0
0.0
0.0
0.0
0.0
0.0
0.0
0.0
0.4298405774650757
0.152353296814172
0.3918897070436267
0.18073397091022214
0.06467132821397055
0.0
0.0
0.0
0.0
0.0
0.0
0.0
0.0
0.0
0.0
0.0
0.0
0.0
0.0
0.0
0.0
0.0
0.0
0.0
0.18736450110340616
0.14980928783451114
0.1341720753787797
0.13317916884988695
0.033982010907647624
0.0
0.0
0.0
0.0
0.0
0.0
0.0
0.0
0.0
0.0
0.0
0.0
0.0
0.0
0.0
0.0
0.0
0.0
0.0
0.37952898601008994
0.27377028068364434
0.31438932599552005
0.14677004909935276
0.20764648824950221
0.0
0.0
0.0
0.0
0.0
0.0
0.0
0.0
0.0
0.0
0.0
0.0
0.0
0.0
0.0
0.0
0.0
0.0
0.0
0.2346193303843679
0.2352507776446582
0.21265732151378589
0.2973939897861701
0.14209874914826254
0.0
0.0
0.0
0.0
0.0
0.0
0.0
0.0
0.0
0.0
0.0
0.0
0.0
0.0
0.0
0.0
0.0
0.0
0.0
0.24344854991281692
0.17093143196194888
0.21016407497815445
0.08322211458648464
0.34136676381621983
0.0
0.0
0.0
0.0
0.0
0.0
0.0
0.0
0.0
0.0
0.0
0.0
0.0
0.0
0.0
0.0
0.0
0.0
0.0
0.4128970257405435
0.3610657762899735
0.033149836387095614
0.08963099098477036
0.034110987489544733
0.0
0.0
0.0
0.0
0.0
0.0
0.0
0.0
0.0
0.0
0.0
0.0
0.0
0.0
0.0
0.0
0.0
0.0
0.0
0.46161747263611336
0.39819758910009384
0.3695913626826082
0.22313428723189999
0.0
0.0
0.0
0.0
0.0
0.0
0.0
0.0
0.0
0.0
0.0
0.0
0.0
0.0
0.0
0.0
0.0
0.0
0.0
0.0
0.44141277297325776
0.18474516076473532
0.2130466744664938
0.41724292123841666
0.23638486012837498
0.0
0.0
0.0
0.0
0.0
0.0
0.0
0.0
0.0
0.0
0.0
0.0
0.0
0.0
0.0
0.0
0.0
0.0
0.0
0.2366593654355359
0.39405480868915727
0.44104681834555143
0.26237663860671356
0.30178326003372646
0.0
0.0
0.0
0.0
0.0
0.0
0.0
0.0
0.0
0.0
0.0
0.0
0.0
0.0
0.0
0.0
0.0
0.0
0.0
0.3695221552904213
0.3918575192225822
0.47339387262508625
0.4627622736406705
0.2827237995179728
0.0
0.0
0.0
0.0
0.0
0.0
0.0
0.0
0.0
0.0
0.0
0.0
0.0
0.0
0.0
0.0
0.0
0.0
0.0
0.2616175926311826
0.1225525502692434
0.02770887130092067
0.055295789781186246
0.0
0.0
0.0
0.0
0.0
0.0
0.0
0.0
0.0
0.0
0.0
0.0
0.0
0.0
0.0
0.0
0.0
0.0
0.0
0.0
0.08125222620351871
0.08476629643934912
0.03900584395378321
0.05638655986674105
0.025625064321477483
0.0
0.0
0.0
0.0
0.0
0.0
0.0
0.0
0.0
0.0
0.0
0.0
0.0
0.0
0.0
0.0
0.0
0.0
0.0
0.38159295521444264
0.1799007783710272
0.2171328050737699
0.04632159076818009
0.011055181859384393
0.0
0.0
0.0
0.0
0.0
0.0
0.0
0.0
0.0
0.0
0.0
0.0
0.0
0.0
0.0
0.0
0.0
0.0
0.0
0.22800167458203077
0.36503733817140005
0.24080325314826323
0.4932335314774851
0.33532172143776945
0.0
0.0
0.0
0.0
0.0
0.0
0.0
0.0
0.0
0.0
0.0
0.0
0.0
0.0
0.0
0.0
0.0
0.0
0.0
0.2167342565721261
0.22035855292356107
0.16748749304719374
0.09050216607976999
0.374342023820918
0.0
0.0
0.0
0.0
0.0
0.0
0.0
0.0
0.0
0.0
0.0
0.0
0.0
0.0
0.0
0.0
0.0
0.0
0.0
0.22245891208316051
0.3893655727439715
0.49101276091462454
0.5109807489160393
0.37856740964718755
0.0
0.0
0.0
0.0
0.0
0.0
0.0
0.0
0.0
0.0
0.0
0.0
0.0
0.0
0.0
0.0
0.0
0.0
0.0
0.469633661927559
0.38419539928128893
0.4845473141172852
0.49385764593878784
0.35203583371547803
0.0
0.0
0.0
0.0
0.0
0.0
0.0
0.0
0.0
0.0
0.0
0.0
0.0
0.0
0.0
0.0
0.0
0.0
0.0
0.22858948055868344
0.3848282113013137
0.25225518448465556
0.19093656620571664
0.3349994232858006
0.0
0.0
0.0
0.0
0.0
0.0
0.0
0.0
0.0
0.0
0.0
0.0
0.0
0.0
0.0
0.0
0.0
0.0
0.0
0.26689464101430543
0.21480566544814153
0.22498981093459858
0.12005924597375565
0.11178568725389663
0.0
0.0
0.0
0.0
0.0
0.0
0.0
0.0
0.0
0.0
0.0
0.0
0.0
0.0
0.0
0.0
0.0
0.0
0.0
0.31614163371064613
0.2077002924803887
0.10691779306551123
0.1714829940305214
0.022072459842350935
0.0
0.0
0.0
0.0
0.0
0.0
0.0
0.0
0.0
0.0
0.0
0.0
0.0
0.0
0.0
0.0
0.0
0.0
0.0
0.4430093382177272
0.3126949961863466
0.20784228278446246
0.4819799474956216
0.3099029702202343
0.0
0.0
0.0
0.0
0.0
0.0
0.0
0.0
0.0
0.0
0.0
0.0
0.0
0.0
0.0
0.0
0.0
0.0
0.0
0.4398340275761125
0.3629669649852001
0.4804455454580223
0.19223989301259914
0.3472686518568434
0.0
0.0
0.0
0.0
0.0
0.0
0.0
0.0
0.0
0.0
0.0
0.0
0.0
0.0
0.0
0.0
0.0
0.0
0.0
0.4489634306066342
0.3609559711961131
0.31447409966385415
0.481983095264255
0.33210018207731873
0.0
0.0
0.0
0.0
0.0
0.0
0.0
0.0
0.0
0.0
0.0
0.0
0.0
0.0
0.0
0.0
0.0
0.0
0.0
0.08719653265263227
0.13998968146004184
0.18970163231813483
0.07329937315302407
0.03176074895773338
0.0
0.0
0.0
0.0
0.0
0.0
0.0
0.0
0.0
0.0
0.0
0.0
0.0
0.0
0.0
0.0
0.0
0.0
0.0
0.4927431790432302
0.38037028621536567
0.2567381205649704
0.10685888518188126
0.380511398317375
0.0
0.0
0.0
0.0
0.0
0.0
0.0
0.0
0.0
0.0
0.0
0.0
0.0
0.0
0.0
0.0
0.0
0.0
0.0
0.4600912312287118
0.36985260433501366
0.34252591305948615
0.09737792241113248
0.04365625283317784
0.0
0.0
0.0
0.0
0.0
0.0
0.0
0.0
0.0
0.0
0.0
0.0
0.0
0.0
0.0
0.0
0.0
0.0
0.0
0.2144846624290647
0.3781093828438008
0.24395137467787598
0.4658479586468023
0.29004381967652854
0.0
0.0
0.0
0.0
0.0
0.0
0.0
0.0
0.0
0.0
0.0
0.0
0.0
0.0
0.0
0.0
0.0
0.0
0.0
0.5109250843141732
0.36418986961346506
0.48202055794604715
0.17904002156962298
0.3999581065172231
0.0
0.0
0.0
0.0
0.0
0.0
0.0
0.0
0.0
0.0
0.0
0.0
0.0
0.0
0.0
0.0
0.0
0.0
0.0
0.210822251478714
0.37643921566626837
0.47557922122650714
0.4882171161810732
0.019692088637483656
0.0
0.0
0.0
0.0
0.0
0.0
0.0
0.0
0.0
0.0
0.0
0.0
0.0
0.0
0.0
0.0
0.0
0.0
0.0
0.4242297588280219
0.3840685441333547
0.3268990543921211
0.27606557614323546
0.08426543988377416
0.0
0.0
0.0
0.0
0.0
0.0
0.0
0.0
0.0
0.0
0.0
0.0
0.0
0.0
0.0
0.0
0.0
0.0
0.0
0.38245018546507376
0.2675051749508516
0.31579572397818756
0.242598707277842
0.043174537303438655
0.0
0.0
0.0
0.0
0.0
0.0
0.0
0.0
0.0
0.0
0.0
0.0
0.0
0.0
0.0
0.0
0.0
0.0
0.0
0.1959078499075311
0.3740405866455263
0.48713995891176554
0.5175332506182325
0.40683415444944643
0.0
0.0
0.0
0.0
0.0
0.0
0.0
0.0
0.0
0.0
0.0
0.0
0.0
0.0
0.0
0.0
0.0
0.0
0.0
0.18938498515851476
0.3474088678371262
0.4771604924128173
0.4962534476899554
0.3732259402723765
0.0
0.0
0.0
0.0
0.0
0.0
0.0
0.0
0.0
0.0
0.0
0.0
0.0
0.0
0.0
0.0
0.0
0.0
0.0
0.43537489493978887
0.23805165431126796
0.14317045467214742
0.17668530713881175
0.3185017826925994
0.0
0.0
0.0
0.0
0.0
0.0
0.0
0.0
0.0
0.0
0.0
0.0
0.0
0.0
0.0
0.0
0.0
0.0
0.0
0.09689210428640108
0.10614787759158575
0.13794601610903823
0.010782066758385962
0.30844438582868816
0.0
0.0
0.0
0.0
0.0
0.0
0.0
0.0
0.0
0.0
0.0
0.0
0.0
0.0
0.0
0.0
0.0
0.0
0.0
0.16889419607757483
0.35338460272509464
0.16849191184627457
0.4851203860938848
0.3469187218926816
0.0
0.0
0.0
0.0
0.0
0.0
0.0
0.0
0.0
0.0
0.0
0.0
0.0
0.0
0.0
0.0
0.0
0.0
0.0
0.03803951532682786
0.12461172617318447
0.03888959711311203
0.04958686481518324
0.40748710890479
0.0
0.0
0.0
0.0
0.0
0.0
0.0
0.0
0.0
0.0
0.0
0.0
0.0
0.0
0.0
0.0
0.0
0.0
0.0
0.4615965180550496
0.2549371134087844
0.15080743468894536
0.023569918791086563
0.03941622708429149
0.0
0.0
0.0
0.0
0.0
0.0
0.0
0.0
0.0
0.0
0.0
0.0
0.0
0.0
0.0
0.0
0.0
0.0
0.0
0.14747276183814179
0.14819615805317132
0.027654038676414902
0.06790745142051768
0.3463707596346822
0.0
0.0
0.0
0.0
0.0
0.0
0.0
0.0
0.0
0.0
0.0
0.0
0.0
0.0
0.0
0.0
0.0
0.0
0.0
0.49234178694984015
0.3252464500412873
0.33343005429548717
0.4949024212885593
0.39130450278913625
0.0
0.0
0.0
0.0
0.0
0.0
0.0
0.0
0.0
0.0
0.0
0.0
0.0
0.0
0.0
0.0
0.0
0.0
0.0
0.4070954627735854
0.2563597344764119
0.3071238132555835
0.10204969844163796
0.051034632430934465
0.0
0.0
0.0
0.0
0.0
0.0
0.0
0.0
0.0
0.0
0.0
0.0
0.0
0.0
0.0
0.0
0.0
0.0
0.0
0.4746089394022633
0.35396315980697696
0.371648301442743
0.4921814383920749
0.3916818124244162
0.0
0.0
0.0
0.0
0.0
0.0
0.0
