0
0
0
0
0
0
0.095
0.28
0.456
0.618
0.727
0.752
0.737
0.649
0.498
0.322
0.113
0
0
0
0
0
0
0
0
0
0
0
0
0
0.083
0.267
0.456
0.652
0.737
0.764
0.736
0.637
0.483
0.264
0.09
0
0
0
0
0
0
0
0
0
0
0
0
0
0.096
0.291
0.554
0.694
0.763
0.773
0.743
0.687
0.571
0.413
0.194
0.001
0
0
0
0
0
0
0
0
0
0
0
0
0.115
0.325
0.572
0.698
0.763
0.771
0.738
0.663
0.452
0.298
0.111
0
0
0
0
0
0
0
0
0
0
0
0
0
0.105
0.3
0.473
0.641
0.722
0.74
0.71
0.639
0.49
0.261
0.076
0
0
0
0
0
0
0
0
0
0
0
0
0
0.066
0.234
0.489
0.637
0.723
0.74
0.708
0.633
0.503
0.339
0.137
0
0
0
0
0
0
0
0
0
0
0
0
0
0.044
0.188
0.364
0.575
0.678
0.684
0.61
0.529
0.418
0.302
0.105
0
0
0
0
0
0
0
0
0
0
0
0
0
0.055
0.202
0.41
0.548
0.635
0.674
0.644
0.572
0.398
0.214
0.07
0
0
0
0
0
0
0
0
0
0
0
0
0
0.103
0.299
0.457
0.657
0.725
0.697
0.649
0.507
0.372
0.207
0.077
0
0
0
0
0
0
0
0
0
0
0
0
0
0.12
0.323
0.519
0.694
0.773
0.793
0.768
0.701
0.59
0.416
0.178
0.001
0
0
0
0
0
0
0
0
0
0
0
0
0.128
0.343
0.587
0.705
0.78
0.802
0.771
0.704
0.567
0.35
0.119
0
0
0
0
0
0
0
0
0
0
0
0
0
0.118
0.328
0.573
0.698
0.768
0.783
0.753
0.687
0.573
0.409
0.179
0.001
0
0
0
0
0
0
0
0
0
0
0
0
0.139
0.401
0.601
0.715
0.776
0.805
0.774
0.69
0.588
0.38
0.176
0.001
0
0
0
0
0
0
0
0
0
0
0
0
0.122
0.319
0.504
0.661
0.731
0.749
0.727
0.659
0.51
0.296
0.113
0
0
0
0
0
0
0
0
0
0
0
0
0
0.12
0.329
0.587
0.706
0.751
0.783
0.75
0.633
0.542
0.393
0.152
0.001
0
0
0
0
0
0
0
0
0
0
0
0
0.132
0.393
0.592
0.712
0.777
0.797
0.771
0.706
0.579
0.4
0.185
0.001
0
0
0
0
0
0
0
0
0
0
0
0
0.101
0.294
0.466
0.65
0.734
0.764
0.738
0.667
0.538
0.368
0.141
0.001
0
0
0
0
0
0
0
0
0
0
0
0
0.117
0.316
0.552
0.684
0.757
0.778
0.748
0.665
0.526
0.329
0.107
0
0
0
0
0
0
0
0
0
0
0
0
0
0.105
0.316
0.566
0.712
0.782
0.804
0.778
0.698
0.568
0.404
0.178
0.001
0
0
0
0
0
0
0
0
0
0
0
0
0.106
0.294
0.53
0.668
0.74
0.763
0.736
0.657
0.548
0.373
0.16
0.001
0
0
0
0
0
0
0
0
0
0
0
0
0.115
0.31
0.487
0.677
0.759
0.782
0.745
0.664
0.503
0.308
0.125
0
0
0
0
0
0
0
0
0
0
0
0
0
0.13
0.332
0.523
0.692
0.763
0.782
0.76
0.678
0.546
0.365
0.135
0.001
0
0
0
0
0
0
0
0
0
0
0
0
0.145
0.34
0.577
0.711
0.78
0.804
0.779
0.708
0.591
0.415
0.153
0.001
0
0
0
0
0
0
0
0
0
0
0
0
0.136
0.385
0.595
0.718
0.787
0.804
0.781
0.713
0.6
0.424
0.197
0.003
0
0
0
0
0
0
0
0
0
0
0
0
0.109
0.3
0.544
0.683
0.746
0.759
0.751
0.688
0.575
0.406
0.181
0.002
0
0
0
0
0
0
0
0
0
0
0
0
0.133
0.343
0.572
0.715
0.781
0.789
0.765
0.696
0.577
0.41
0.19
0.002
0
0
0
0
0
0
0
0
0
0
0
0
0.157
0.392
0.607
0.725
0.795
0.815
0.789
0.724
0.606
0.439
0.205
0.003
0
0
0
0
0
0
0
0
0
0
0
0
0.172
0.405
0.611
0.729
0.799
0.816
0.79
0.727
0.606
0.417
0.177
0.002
0
0
0
0
0
0
0
0
0
0
0
0
0.113
0.316
0.567
0.692
0.749
0.764
0.728
0.635
0.483
0.291
0.124
0.001
0
0
0
0
0
0
0
0
0
0
0
0
0.13
0.33
0.58
0.7
0.761
0.784
0.745
0.68
0.56
0.394
0.183
0.003
0
0
0
0
0
0
0
0
0
0
0
0
0.146
0.342
0.528
0.708
0.772
0.786
0.757
0.71
0.579
0.414
0.194
0.004
0
0
0
0
0
0
0
0
0
0
0
0
0.15
0.348
0.547
0.703
0.766
0.79
0.723
0.649
0.52
0.292
0.127
0.001
0
0
0
0
0
0
0
0
0
0
0
0
0.097
0.261
0.508
0.677
0.744
0.732
0.707
0.603
0.428
0.247
0.085
0
0
0
0
0
0
0
0
0
0
0
0
0
0.081
0.281
0.487
0.606
0.654
0.653
0.602
0.494
0.354
0.2
0.068
0
0
0
0
0
0
0
0
0
0
0
0
0
0.06
0.218
0.441
0.575
0.631
0.618
0.564
0.476
0.342
0.195
0.061
0
0
0
0
0
0
0
0
0
0
0
0
0
0.078
0.273
0.526
0.665
0.75
0.775
0.748
0.672
0.571
0.399
0.18
0.003
0
0
0
0
0
0
0
0
0
0
0
0
0.155
0.396
0.602
0.716
0.778
0.781
0.76
0.682
0.501
0.3
0.113
0.001
0
0
0
0
0
0
0
0
0
0
0
0
0.144
0.395
0.586
0.71
0.78
0.785
0.765
0.695
0.572
0.372
0.177
0.003
0
0
0
0
0
0
0
0
0
0
0
0
0.124
0.31
0.483
0.656
0.726
0.711
0.607
0.507
0.398
0.247
0.102
0.002
0
0
0
0
0
0
0
0
0
0
0
0
0.125
0.315
0.481
0.653
0.749
0.74
0.69
0.6
0.457
0.31
0.134
0.002
0
0
0
0
0
0
0
0
0
0
0
0
0.126
0.303
0.482
0.632
0.696
0.703
0.645
0.529
0.419
0.266
0.115
0.002
0
0
0
0
0
0
0
0
0
0
0
0
0.124
0.31
0.482
0.67
0.753
0.774
0.751
0.684
0.525
0.355
0.135
0.002
0
0
0
0
0
0
0
0
0
0
0
0
0.135
0.335
0.568
0.694
0.763
0.778
0.748
0.678
0.558
0.387
0.169
0.004
0
0
0
0
0
0
0
0
0
0
0
0
0.137
0.368
0.579
0.702
0.774
0.799
0.771
0.702
0.584
0.416
0.19
0.006
0
0
0
0
0
0
0
0
0
0
0
0
0.141
0.338
0.541
0.694
0.767
0.787
0.753
0.678
0.564
0.384
0.167
0.004
0
0
0
0
0
0
0
0
0
0
0
0
0.112
0.301
0.485
0.682
0.756
0.773
0.74
0.673
0.554
0.389
0.168
0.004
0
0
0
0
0
0
0
0
0
0
0
0
0.129
0.372
0.563
0.688
0.756
0.77
0.742
0.681
0.562
0.397
0.184
0.005
0
0
0
0
0
0
0
0
0
0
0
0
0.143
0.36
0.579
0.7
0.769
0.792
0.779
0.71
0.591
0.422
0.2
0.007
0
0
0
0
0
0
0
0
0
0
0
0
0.148
0.36
0.577
0.691
0.754
0.768
0.753
0.675
0.572
0.406
0.194
0.007
0
0
0
0
0
0
0
0
0
0
0
0
0.155
0.367
0.591
0.714
0.782
0.801
0.777
0.716
0.593
0.421
0.199
0.007
0
0
0
0
0
0
0
0
0
0
0
0
0.165
0.412
0.599
0.717
0.787
0.807
0.783
0.714
0.595
0.428
0.208
0.008
0
0
0
0
0
0
0
0
0
0
0
0
0.157
0.403
0.594
0.712
0.779
0.803
0.78
0.712
0.599
0.43
0.209
0.008
0
0
0
0
0
0
0
0
0
0
0
0
0.155
0.403
0.587
0.704
0.771
0.788
0.761
0.699
0.581
0.402
0.196
0.007
0
0
0
0
0
0
0
0
0
0
0
0
0.137
0.328
0.517
0.689
0.751
0.771
0.742
0.661
0.544
0.335
0.14
0.004
0
0
0
0
0
0
0
0
0
0
0
0
0.136
0.368
0.587
0.703
0.763
0.768
0.751
0.682
0.554
0.362
0.151
0.005
0
0
0
0
0
0
0
0
0
0
0
0
0.137
0.34
0.574
0.705
0.773
0.795
0.765
0.675
0.538
0.395
0.159
0.006
0
0
0
0
0
0
0
0
0
0
0
0
0.141
0.383
0.566
0.677
0.737
0.766
0.738
0.64
0.522
0.367
0.157
0.006
0
0
0
0
0
0
0
0
0
0
0
0
0.13
0.328
0.55
0.683
0.758
0.778
0.754
0.67
0.539
0.378
0.163
0.006
0
0
0
0
0
0
0
0
0
0
0
0
0.105
0.291
0.506
0.632
0.678
0.673
0.62
0.53
0.342
0.194
0.073
0.002
0
0
0
0
0
0
0
0
0
0
0
0
0.081
0.272
0.472
0.621
0.716
0.757
0.751
0.686
0.568
0.388
0.168
0.007
0
0
0
0
0
0
0
0
0
0
0
0
0.131
0.353
0.549
0.673
0.727
0.726
0.686
0.603
0.475
0.308
0.123
0.005
0
0
0
0
0
0
0
0
0
0
0
0
0.128
0.351
0.56
0.679
0.745
0.751
0.706
0.627
0.451
0.297
0.115
0.004
0
0
0
0
0
0
0
0
0
0
0
0
0.097
0.303
0.517
0.646
0.715
0.731
0.661
0.559
0.423
0.24
0.104
0.004
0
0
0
0
0
0
0
0
0
0
0
0
0.099
0.311
0.522
0.645
0.713
0.723
0.666
0.566
0.414
0.259
0.104
0.003
0
0
0
0
0
0
0
0
0
0
0
0
0.096
0.273
0.45
0.616
0.693
0.726
0.687
0.613
0.498
0.306
0.128
0.005
0
0
0
0
0
0
0
0
0
0
0
0
0.121
0.316
0.534
0.657
0.719
0.732
0.694
0.586
0.426
0.269
0.121
0.006
0
0
0
0
0
0
0
0
0
0
0
0
0.078
0.232
0.393
0.504
0.599
0.644
0.666
0.625
0.507
0.331
0.123
0.005
0
0
0
0
0
0
0
0
0
0
0
0
0.127
0.357
0.547
0.666
0.733
0.756
0.724
0.652
0.534
0.365
0.147
0.006
0
0
0
0
0
0
0
0
0
0
0
0
0.106
0.339
0.519
0.64
0.71
0.725
0.707
0.629
0.497
0.326
0.147
0.008
0
0
0
0
0
0
0
0
0
0
0
0
0.135
0.368
0.557
0.677
0.746
0.768
0.74
0.652
0.508
0.319
0.144
0.005
0
0
0
0
0
0
0
0
0
0
0
0
0.119
0.317
0.544
0.665
0.737
0.718
0.689
0.571
0.441
0.272
0.112
0.005
0
0
0
0
0
0
0
0
0
0
0
0.001
0.154
0.381
0.556
0.679
0.749
0.773
0.75
0.683
0.559
0.392
0.187
0.01
0
0
0
0
0
0
0
0
0
0
0
0
0.122
0.314
0.519
0.652
0.724
0.74
0.709
0.636
0.533
0.366
0.16
0.007
0
0
0
0
0
0
0
0
0
0
0
0
0.114
0.331
0.51
0.634
0.705
0.726
0.701
0.643
0.548
0.392
0.189
0.01
0
0
0
0
0
0
0
0
0
0
0
0.001
0.127
0.356
0.548
0.67
0.738
0.758
0.736
0.665
0.526
0.35
0.155
0.008
0
0
0
0
0
0
0
0
0
0
0
0
0.107
0.293
0.504
0.626
0.676
0.673
0.655
0.564
0.444
0.235
0.092
0.004
0
0
0
0
0
0
0
0
0
0
0
0
0.122
0.346
0.524
0.651
0.722
0.746
0.725
0.655
0.539
0.346
0.148
0.008
0
0
0
0
0
0
0
0
0
0
0
0
0.113
0.324
0.529
0.65
0.707
0.704
0.687
0.608
0.437
0.282
0.13
0.007
0
0
0
0
0
0
0
0
0
0
0
0
0.098
0.271
0.476
0.612
0.682
0.708
0.687
0.627
0.499
0.323
0.154
0.008
0
0
0
0
0
0
0
0
0
0
0
0.001
0.109
0.304
0.505
0.624
0.691
0.703
0.678
0.601
0.491
0.33
0.146
0.008
0
0
0
0
0
0
0
0
0
0
0
0.001
0.117
0.338
0.521
0.643
0.712
0.728
0.694
0.578
0.442
0.278
0.13
0.008
0
0
0
0
0
0
0
0
0
0
0
0.001
0.116
0.312
0.519
0.641
0.715
0.737
0.703
0.623
0.508
0.353
0.148
0.009
0
0
0
0
0
0
0
0
0
0
0
0.001
0.111
0.285
0.472
0.606
0.669
0.705
0.596
0.524
0.359
0.23
0.086
0.003
0
0
0
0
0
0
0
0
0
0
0
0.001
0.096
0.28
0.5
0.631
0.698
0.719
0.697
0.631
0.507
0.329
0.149
0.008
0
0
0
0
0
0
0
0
0
0
0
0.001
0.107
0.295
0.491
0.616
0.681
0.701
0.637
0.555
0.405
0.27
0.108
0.005
0
0
0
0
0
0
0
0
0
0
0
0.001
0.107
0.324
0.506
0.63
0.7
0.727
0.708
0.643
0.538
0.379
0.177
0.011
0
0
0
0
0
0
0
0
0
0
0
0.001
0.112
0.334
0.511
0.635
0.705
0.731
0.707
0.636
0.529
0.369
0.17
0.011
0
0
0
0
0
0
0
0
0
0
0
0.001
0.113
0.293
0.51
0.636
0.703
0.725
0.696
0.621
0.477
0.332
0.141
0.009
0
0
0
0
0
0
0
0
0
0
0
0.001
0.109
0.28
0.5
0.624
0.687
0.722
0.702
0.627
0.527
0.363
0.172
0.01
0
0
0
0
0
0
0
0
0
0
0
0.001
0.124
0.339
0.517
0.636
0.706
0.732
0.713
0.64
0.526
0.37
0.176
0.011
0
0
0
0
0
0
0
0
0
0
0
0.001
0.119
0.339
0.515
0.637
0.708
0.733
0.71
0.644
0.53
0.37
0.174
0.01
0
0
0
0
0
0
0
0
0
0
0
0.002
0.113
0.33
0.507
0.624
0.693
0.718
0.696
0.627
0.501
0.348
0.159
0.01
0
0
0
0
0
0
0
0
0
0
0
0.002
0.108
0.305
0.482
0.597
0.665
0.681
0.65
0.587
0.436
0.263
0.118
0.007
0
0
0
0
0
0
0
0
0
0
0
0.001
0.103
0.284
0.475
0.6
0.67
0.685
0.644
0.576
0.426
0.279
0.114
0.008
0
0
0
0
0
0
0
0
0
0
0
0.002
0.108
0.274
0.47
0.584
0.662
0.663
0.638
0.494
0.363
0.216
0.081
0.004
0
0
0
0
0
0
0
0
0
0
0
0.001
0.082
0.215
0.382
0.484
0.547
0.577
0.552
0.468
0.427
0.298
0.135
0.01
0
0
0
0
0
0
0
0
0
0
0
0.002
0.109
0.299
0.483
0.604
0.673
0.692
0.663
0.579
0.425
0.25
0.108
0.007
0
0
0
0
0
0
0
0
0
0
0
0.002
0.102
0.272
0.46
0.58
0.655
0.684
0.654
0.579
0.44
0.277
0.113
0.007
0
0
0
0
0
0
0
0
0
0
0
0.002
0.094
0.276
0.441
0.571
0.653
0.679
0.658
0.593
0.478
0.322
0.146
0.01
0
0
0
0
0
0
0
0
0
0
0
0.002
0.089
0.242
0.452
0.577
0.65
0.673
0.648
0.584
0.472
0.314
0.143
0.01
0
0
0
0
0
0
0
0
0
0
0
0.002
0.09
0.233
0.42
0.534
0.619
0.617
0.596
0.52
0.431
0.28
0.129
0.01
0
0
0
0
0
0
0
0
0
0
0
0.002
0.096
0.251
0.447
0.575
0.647
0.668
0.638
0.567
0.456
0.3
0.137
0.01
0
0
0
0
0
0
0
0
0
0
0
0.002
0.088
0.248
0.394
0.489
0.52
0.551
0.552
0.453
0.357
0.243
0.11
0.009
0
0
0
0
0
0
0
0
0
0
0
0.002
0.089
0.231
0.407
0.554
0.626
0.652
0.608
0.502
0.385
0.233
0.102
0.007
0
0
0
0
0
0
0
0
0
0
0
0.002
0.08
0.217
0.357
0.478
0.552
0.571
0.53
0.424
0.261
0.115
0.033
0
0
0
0
0
0
0
0
0
0
0
0
0
0.041
0.119
0.223
0.313
0.363
0.381
0.355
0.297
0.22
0.134
0.054
0.003
0
0
0
0
0
0
0
0
0
0
0
0
0.044
0.156
0.356
0.505
0.594
0.614
0.592
0.535
0.44
0.295
0.132
0.012
0
0
0
0
0
0
0
0
0
0
0
0.003
0.095
0.248
0.442
0.564
0.635
0.658
0.614
0.54
0.406
0.254
0.113
0.009
0
0
0
0
0
0
0
0
0
0
0
0.003
0.1
0.273
0.45
0.572
0.642
0.664
0.642
0.564
0.398
0.248
0.114
0.01
0
0
0
0
0
0
0
0
0
0
0
0.002
0.084
0.22
0.398
0.524
0.602
0.623
0.573
0.392
0.243
0.125
0.039
0.001
0
0
0
0
0
0
0
0
0
0
0
0.001
0.052
0.151
0.276
0.391
0.456
0.483
0.439
0.356
0.236
0.12
0.038
0.003
0
0
0
0
0
0
0
0
0
0
0
0.002
0.065
0.173
0.292
0.361
0.394
0.391
0.34
0.254
0.182
0.104
0.039
0.002
0
0
0
0
0
0
0
0
0
0
0
0.001
0.06
0.188
0.318
0.392
0.441
0.464
0.459
0.417
0.359
0.254
0.112
0.01
0
0
0
0
0
0
0
0
0
0
0
0.003
0.086
0.228
0.397
0.502
0.544
0.545
0.507
0.443
0.343
0.218
0.094
0.008
0
0
0
0
0
0
0
0
0
0
0
0.004
0.098
0.261
0.433
0.559
0.625
0.647
0.619
0.53
0.4
0.244
0.102
0.009
0
0
0
0
0
0
0
0
0
0
0
0.003
0.082
0.213
0.368
0.466
0.521
0.482
0.433
0.332
0.254
0.146
0.058
0.004
0
0
0
0
0
0
0
0
0
0
0
0.002
0.073
0.192
0.305
0.438
0.507
0.495
0.387
0.284
0.191
0.105
0.041
0.002
0
0
0
0
0
0
0
0
0
0
0
0.001
0.051
0.146
0.27
0.362
0.415
0.402
0.338
0.253
0.17
0.101
0.041
0.002
0
0
0
0
0
0
0
0
0
0
0
0
0.032
0.096
0.181
0.269
0.296
0.311
0.276
0.205
0.138
0.083
0.032
0.002
0
0
0
0
0
0
0
0
0
0
0
0.002
0.074
0.19
0.31
0.396
0.449
0.456
0.402
0.328
0.242
0.13
0.053
0.004
0
0
0
0
0
0
0
0
0
0
0
0
0.022
0.068
0.128
0.178
0.232
0.268
0.239
0.192
0.127
0.08
0.029
0.001
0
0
0
0
0
0
0
0
0
0
0
0
0.044
0.131
0.253
0.342
0.403
0.435
0.417
0.35
0.275
0.156
0.066
0.005
0
0
0
0
0
0
0
0
0
0
0
0.001
0.046
0.128
0.231
0.313
0.355
0.37
0.342
0.297
0.235
0.149
0.059
0.004
0
0
0
0
0
0
0
0
0
0
0
0.004
0.091
0.238
0.383
0.497
0.579
0.61
0.596
0.53
0.425
0.275
0.116
0.012
0
0
0
0
0
0
0
0
0
0
0
0.005
0.095
0.244
0.42
0.532
0.596
0.619
0.592
0.513
0.357
0.23
0.106
0.011
0
0
0
0
0
0
0
0
0
0
0
0.005
0.093
0.244
0.423
0.539
0.607
0.628
0.599
0.519
0.403
0.258
0.104
0.011
0
0
0
0
0
0
0
0
0
0
0
0.004
0.085
0.199
0.322
0.428
0.498
0.501
0.445
0.357
0.266
0.177
0.077
0.006
0
0
0
0
0
0
0
0
0
0
0
0.005
0.094
0.239
0.402
0.517
0.589
0.613
0.579
0.479
0.364
0.238
0.104
0.011
0
0
0
0
0
0
0
0
0
0
0
0.005
0.093
0.245
0.41
0.527
0.599
0.618
0.584
0.493
0.352
0.221
0.102
0.011
0
0
0
0
0
0
0
0
0
0
0
0.005
0.094
0.228
0.398
0.507
0.543
0.535
0.495
0.403
0.279
0.171
0.075
0.008
0
0
0
0
0
0
0
0
0
0
0
0.002
0.065
0.184
0.373
0.483
0.553
0.577
0.553
0.496
0.377
0.256
0.117
0.016
0
0
0
0
0
0
0
0
0
0
0
0.006
0.093
0.235
0.392
0.486
0.547
0.574
0.554
0.482
0.385
0.244
0.109
0.014
0
0
0
0
0
0
0
0
0
0
0
0.003
0.071
0.195
0.334
0.467
0.511
0.521
0.487
0.423
0.334
0.218
0.096
0.01
0
0
0
0
0
0
0
0
0
0
0
0.001
0.047
0.15
0.336
0.491
0.537
0.491
0.448
0.408
0.3
0.201
0.091
0.01
0
0
0
0
0
0
0
0
0
0
0
0.002
0.068
0.194
0.335
0.452
0.517
0.529
0.489
0.408
0.288
0.147
0.051
0.004
0
0
0
0
0
0
0
0
0
0
0
0.002
0.05
0.122
0.205
0.281
0.327
0.35
0.354
0.344
0.254
0.169
0.078
0.008
0
0
0
0
0
0
0
0
0
0
0
0.004
0.078
0.214
0.35
0.475
0.567
0.603
0.589
0.527
0.418
0.27
0.105
0.015
0
0
0
0
0
0
0
0
0
0
0
0.006
0.086
0.236
0.388
0.502
0.565
0.591
0.571
0.503
0.399
0.252
0.109
0.015
0
0
0
0
0
0
0
0
0
0
0
0.006
0.089
0.217
0.368
0.475
0.541
0.565
0.547
0.478
0.376
0.236
0.111
0.015
0
0
0
0
0
0
0
0
0
0
0
0.006
0.085
0.236
0.394
0.51
0.58
0.598
0.568
0.495
0.382
0.24
0.105
0.014
0
0
0
0
0
0
0
0
0
0
0
0.005
0.083
0.212
0.348
0.455
0.523
0.547
0.529
0.465
0.357
0.231
0.101
0.013
0
0
0
0
0
0
0
0
0
0
0
0.006
0.088
0.219
0.375
0.481
0.545
0.56
0.534
0.463
0.356
0.231
0.104
0.013
0
0
0
0
0
0
0
0
0
0
0
0.005
0.086
0.207
0.347
0.447
0.517
0.529
0.467
0.409
0.28
0.183
0.081
0.009
0
0
0
0
0
0
0
0
0
0
0
0.006
0.089
0.206
0.332
0.42
0.464
0.435
0.403
0.33
0.264
0.18
0.09
0.011
0
0
0
0
0
0
0
0
0
0
0
0.007
0.091
0.217
0.365
0.473
0.533
0.544
0.455
0.363
0.262
0.167
0.069
0.008
0
0
0
0
0
0
0
0
0
0
0
0.006
0.087
0.214
0.35
0.444
0.502
0.51
0.488
0.427
0.325
0.202
0.088
0.01
0
0
0
0
0
0
0
0
0
0
0
0.007
0.086
0.227
0.373
0.481
0.545
0.564
0.526
0.396
0.301
0.194
0.095
0.012
0
0
0
0
0
0
0
0
0
0
0
0.007
0.082
0.218
0.377
0.487
0.555
0.578
0.556
0.486
0.371
0.238
0.105
0.015
0
0
0
0
0
0
0
0
0
0
0
0.006
0.088
0.219
0.361
0.463
0.517
0.542
0.512
0.433
0.301
0.18
0.074
0.007
0
0
0
0
0
0
0
0
0
0
0
0.005
0.077
0.179
0.306
0.389
0.445
0.484
0.45
0.364
0.26
0.122
0.053
0.005
0
0
0
0
0
0
0
0
0
0
0
0.003
0.07
0.154
0.248
0.314
0.351
0.355
0.337
0.285
0.213
0.127
0.05
0.004
0
0
0
0
0
0
0
0
0
0
0
0.001
0.037
0.101
0.174
0.25
0.247
0.224
0.188
0.151
0.103
0.062
0.027
0.002
0
0
0
0
0
0
0
0
0
0
0
0.003
0.061
0.162
0.285
0.387
0.454
0.463
0.422
0.357
0.234
0.118
0.046
0.004
0
0
0
0
0
0
0
0
0
0
0
0
0.029
0.085
0.153
0.227
0.22
0.202
0.181
0.144
0.107
0.068
0.028
0.002
0
0
0
0
0
0
0
0
0
0
0
0.002
0.057
0.156
0.281
0.393
0.455
0.459
0.428
0.331
0.213
0.1
0.035
0.003
0
0
0
0
0
0
0
0
0
0
0
0.002
0.054
0.148
0.253
0.362
0.427
0.437
0.4
0.357
0.252
0.16
0.069
0.007
0
0
0
0
0
0
0
0
0
0
0
0.002
0.055
0.161
0.302
0.422
0.511
0.539
0.518
0.456
0.328
0.211
0.085
0.009
0
0
0
0
0
0
0
0
0
0
0
0.001
0.041
0.129
0.245
0.402
0.475
0.486
0.451
0.363
0.24
0.131
0.052
0.004
0
0
0
0
0
0
0
0
0
0
0
0.005
0.082
0.2
0.325
0.41
0.458
0.458
0.419
0.359
0.269
0.154
0.06
0.006
0
0
0
0
0
0
0
0
0
0
0
0.002
0.052
0.132
0.213
0.296
0.328
0.305
0.273
0.211
0.152
0.104
0.048
0.005
0
0
0
0
0
0
0
0
0
0
0
0.002
0.05
0.134
0.261
0.372
0.433
0.448
0.423
0.349
0.24
0.125
0.047
0.004
0
0
0
0
0
0
0
0
0
0
0
0.005
0.074
0.184
0.294
0.367
0.397
0.386
0.334
0.278
0.188
0.107
0.046
0.004
0
0
0
0
0
0
0
0
0
0
0
0.005
0.072
0.178
0.312
0.389
0.435
0.422
0.356
0.267
0.172
0.105
0.048
0.004
0
0
0
0
0
0
0
0
0
0
0
0.005
0.073
0.18
0.287
0.334
0.385
0.403
0.369
0.281
0.198
0.116
0.054
0.006
0
0
0
0
0
0
0
0
0
0
0
0.004
0.069
0.176
0.285
0.342
0.384
0.389
0.369
0.346
0.249
0.165
0.074
0.009
0
0
0
0
0
0
0
0
0
0
0
0.006
0.081
0.19
0.294
0.379
0.426
0.434
0.388
0.299
0.202
0.095
0.033
0.002
0
0
0
0
0
0
0
0
0
0
0
0.002
0.048
0.11
0.182
0.25
0.285
0.277
0.26
0.227
0.164
0.102
0.04
0.003
0
0
0
0
0
0
0
0
0
0
0
0.005
0.078
0.193
0.315
0.408
0.472
0.492
0.44
0.349
0.237
0.144
0.055
0.005
0
0
0
0
0
0
0
0
0
0
0
0.002
0.049
0.128
0.228
0.305
0.369
0.398
0.385
0.321
0.234
0.15
0.067
0.008
0
0
0
0
0
0
0
0
0
0
0
0.002
0.043
0.126
0.211
0.301
0.348
0.355
0.308
0.26
0.204
0.128
0.055
0.006
0
0
0
0
0
0
0
0
0
0
0
0.002
0.055
0.145
0.254
0.33
0.359
0.344
0.306
0.232
0.159
0.096
0.041
0.005
0
0
0
0
0
0
0
0
0
0
0
0.005
0.074
0.188
0.314
0.387
0.404
0.382
0.322
0.245
0.166
0.094
0.042
0.004
0
0
0
0
0
0
0
0
0
0
0
0.003
0.056
0.135
0.223
0.29
0.32
0.324
0.296
0.242
0.179
0.104
0.035
0.003
0
0
0
0
0
0
0
0
0
0
0
0.002
0.041
0.104
0.166
0.226
0.28
0.329
0.318
0.276
0.173
0.096
0.039
0.004
0
0
0
0
0
0
0
0
0
0
0
0.006
0.083
0.198
0.307
0.373
0.415
0.433
0.355
0.287
0.201
0.132
0.069
0.008
0
0
0
0
0
0
0
0
0
0
0
0.006
0.081
0.189
0.291
0.373
0.42
0.391
0.341
0.249
0.167
0.102
0.046
0.005
0
0
0
0
0
0
0
0
0
0
0
0.005
0.08
0.191
0.28
0.355
0.384
0.391
0.383
0.323
0.241
0.144
0.058
0.006
0
0
0
0
0
0
0
0
0
0
0
0.005
0.077
0.184
0.3
0.385
0.436
0.437
0.395
0.326
0.278
0.184
0.08
0.009
0
0
0
0
0
0
0
0
0
0
0
0.007
0.083
0.205
0.33
0.432
0.497
0.523
0.503
0.434
0.335
0.214
0.1
0.014
0
0
0
0
0
0
0
0
0
0
0
0.006
0.077
0.18
0.299
0.387
0.437
0.45
0.42
0.357
0.261
0.163
0.071
0.008
0
0
0
0
0
0
0
0
0
0
0
0.004
0.063
0.155
0.259
0.321
0.365
0.386
0.378
0.343
0.279
0.185
0.086
0.01
0
0
0
0
0
0
0
0
0
0
0
0.003
0.068
0.17
0.286
0.362
0.368
0.348
0.245
0.202
0.124
0.066
0.03
0.002
0
0
0
0
0
0
0
0
0
0
0
0.005
0.072
0.182
0.298
0.396
0.466
0.481
0.4
0.299
0.187
0.097
0.031
0.002
0
0
0
0
0
0
0
0
0
0
0
0.002
0.047
0.1
0.164
0.225
0.276
0.311
0.323
0.235
0.17
0.102
0.048
0.005
0
0
0
0
0
0
0
0
0
0
0
0.005
0.086
0.219
0.347
0.452
0.518
0.55
0.532
0.475
0.385
0.263
0.126
0.02
0
0
0
0
0
0
0
0
0
0
0
0.007
0.094
0.236
0.383
0.49
0.556
0.574
0.547
0.486
0.367
0.235
0.098
0.011
0
0
0
0
0
0
0
0
0
0
0
0.005
0.078
0.197
0.332
0.441
0.522
0.558
0.545
0.489
0.398
0.27
0.13
0.021
0
0
0
0
0
0
0
0
0
0
0
0.005
0.083
0.208
0.345
0.438
0.478
0.487
0.433
0.366
0.276
0.169
0.075
0.007
0
0
0
0
0
0
0
0
0
0
0
0.005
0.074
0.175
0.291
0.376
0.439
0.457
0.426
0.369
0.298
0.214
0.093
0.013
0
0
0
0
0
0
0
0
0
0
0
0.005
0.079
0.2
0.349
0.458
0.522
0.535
0.511
0.42
0.315
0.195
0.08
0.009
0
0
0
0
0
0
0
0
0
0
0
0.006
0.088
0.213
0.357
0.449
0.499
0.487
0.433
0.349
0.256
0.155
0.063
0.007
0
0
0
0
0
0
0
0
0
0
0
0.003
0.058
0.149
0.243
0.309
0.339
0.312
0.267
0.217
0.151
0.11
0.052
0.005
0
0
0
0
0
0
0
0
0
0
0
0.003
0.061
0.143
0.231
0.325
0.362
0.35
0.305
0.247
0.183
0.116
0.048
0.005
0
0
0
0
0
0
0
0
0
0
0
0.004
0.072
0.193
0.32
0.418
0.483
0.501
0.462
0.401
0.312
0.205
0.088
0.01
0
0
0
0
0
0
0
0
0
0
0
0.006
0.093
0.215
0.343
0.415
0.44
0.428
0.389
0.311
0.225
0.135
0.05
0.004
0
0
0
0
0
0
0
0
0
0
0
0.004
0.076
0.185
0.291
0.379
0.418
0.418
0.372
0.292
0.193
0.11
0.045
0.004
0
0
0
0
0
0
0
0
0
0
0
0.005
0.074
0.165
0.239
0.283
0.349
0.417
0.384
0.315
0.246
0.16
0.073
0.009
0
0
0
0
0
0
0
0
0
0
0
0.003
0.06
0.149
0.235
0.319
0.365
0.359
0.343
0.317
0.247
0.171
0.077
0.009
0
0
0
0
0
0
0
0
0
0
0
0.002
0.056
0.15
0.239
0.315
0.343
0.357
0.341
0.301
0.24
0.165
0.073
0.009
0
0
0
0
0
0
0
0
0
0
0
0.004
0.071
0.172
0.301
0.39
0.453
0.461
0.437
0.386
0.303
0.203
0.094
0.011
0
0
0
0
0
0
0
0
0
0
0
0.004
0.076
0.183
0.298
0.414
0.475
0.487
0.44
0.364
0.274
0.183
0.082
0.009
0
0
0
0
0
0
0
0
0
0
0
0.003
0.055
0.106
0.132
0.174
0.23
0.282
0.253
0.222
0.18
0.104
0.05
0.005
0
0
0
0
0
0
0
0
0
0
0
0.004
0.08
0.195
0.298
0.378
0.424
0.401
0.37
0.33
0.243
0.16
0.058
0.005
0
0
0
0
0
0
0
0
0
0
0
0.002
0.051
0.15
0.254
0.376
0.451
0.49
0.474
0.412
0.298
0.175
0.072
0.006
0
0
0
0
0
0
0
0
0
0
0
0.004
0.077
0.192
0.323
0.42
0.464
0.45
0.411
0.334
0.256
0.163
0.075
0.008
0
0
0
0
0
0
0
0
0
0
0
0.003
0.063
0.149
0.229
0.284
0.323
0.329
0.319
0.275
0.225
0.161
0.074
0.008
0
0
0
0
0
0
0
0
0
0
0
0.003
0.066
0.158
0.232
0.291
0.322
0.332
0.32
0.286
0.225
0.157
0.084
0.009
0
0
0
0
0
0
0
0
0
0
0
0.002
0.058
0.14
0.202
0.276
0.327
0.352
0.338
0.295
0.232
0.146
0.064
0.006
0
0
0
0
0
0
0
0
0
0
0
0.004
0.078
0.202
0.326
0.422
0.484
0.494
0.455
0.396
0.276
0.159
0.065
0.005
0
0
0
0
0
0
0
0
0
0
0
0.001
0.053
0.143
0.241
0.325
0.379
0.415
0.418
0.362
0.28
0.18
0.08
0.007
0
0
0
0
0
0
0
0
0
0
0
0.001
0.046
0.121
0.203
0.275
0.336
0.364
0.366
0.349
0.303
0.21
0.1
0.011
0
0
0
0
0
0
0
0
0
0
0
0.003
0.078
0.197
0.311
0.441
0.497
0.504
0.479
0.416
0.309
0.206
0.083
0.008
0
0
0
0
0
0
0
0
0
0
0
0.003
0.068
0.156
0.229
0.279
0.347
0.36
0.358
0.321
0.256
0.169
0.079
0.009
0
0
0
0
0
0
0
0
0
0
0
0
0.041
0.116
0.204
0.3
0.358
0.382
0.366
0.323
0.255
0.161
0.066
0.006
0
0
0
0
0
0
0
0
0
0
0
0.002
0.066
0.179
0.295
0.39
0.464
0.499
0.489
0.424
0.321
0.211
0.094
0.009
0
0
0
0
0
0
0
0
0
0
0
0.005
0.091
0.227
0.345
0.429
0.47
0.482
0.453
0.38
0.263
0.151
0.054
0.003
0
0
0
0
0
0
0
0
0
0
0
0.002
0.06
0.175
0.324
0.44
0.523
0.57
0.577
0.526
0.422
0.281
0.125
0.015
0
0
0
0
0
0
0
0
0
0
0
0.005
0.089
0.215
0.359
0.46
0.516
0.542
0.498
0.398
0.304
0.184
0.077
0.006
0
0
0
0
0
0
0
0
0
0
0
0.005
0.089
0.224
0.365
0.476
0.549
0.557
0.538
0.478
0.354
0.239
0.108
0.01
0
0
0
0
0
0
0
0
0
0
0
0.002
0.064
0.157
0.236
0.293
0.325
0.319
0.277
0.238
0.163
0.103
0.049
0.004
0
0
0
0
0
0
0
0
0
0
0
0.004
0.084
0.216
0.352
0.461
0.534
0.538
0.5
0.372
0.248
0.152
0.059
0.005
0
0
0
0
0
0
0
0
0
0
0
0.004
0.086
0.209
0.328
0.394
0.417
0.42
0.394
0.341
0.238
0.131
0.053
0.003
0
0
0
0
0
0
0
0
0
0
0
0.002
0.065
0.168
0.265
0.346
0.401
0.404
0.382
0.294
0.224
0.133
0.055
0.004
0
0
0
0
0
0
0
0
0
0
0
0.002
0.07
0.176
0.267
0.351
0.407
0.416
0.374
0.307
0.192
0.099
0.035
0.001
0
0
0
0
0
0
0
0
0
0
0
0.003
0.085
0.219
0.376
0.486
0.547
0.567
0.545
0.476
0.36
0.232
0.11
0.009
0
0
0
0
0
0
0
0
0
0
0
0.004
0.093
0.24
0.381
0.481
0.517
0.506
0.455
0.367
0.3
0.188
0.087
0.008
0
0
0
0
0
0
0
0
0
0
0
0.001
0.051
0.137
0.216
0.326
0.39
0.419
0.407
0.338
0.258
0.153
0.068
0.006
0
0
0
0
0
0
0
0
0
0
0
0.001
0.062
0.164
0.279
0.376
0.437
0.46
0.463
0.395
0.316
0.217
0.102
0.008
0
0
0
0
0
0
0
0
0
0
0
0.002
0.068
0.168
0.243
0.309
0.323
0.312
0.265
0.221
0.16
0.098
0.042
0.002
0
0
0
0
0
0
0
0
0
0
0
0.001
0.061
0.162
0.283
0.378
0.443
0.455
0.387
0.268
0.184
0.11
0.042
0.002
0
0
0
0
0
0
0
0
0
0
0
0.001
0.07
0.198
0.326
0.421
0.452
0.422
0.328
0.249
0.153
0.082
0.031
0.001
0
0
0
0
0
0
0
0
0
0
0
0
0.044
0.12
0.2
0.261
0.301
0.319
0.309
0.265
0.208
0.143
0.058
0.004
0
0
0
0
0
0
0
0
0
0
0
0.001
0.065
0.178
0.31
0.421
0.469
0.467
0.428
0.344
0.249
0.159
0.076
0.007
0
0
0
0
0
0
0
0
0
0
0
0.002
0.08
0.204
0.325
0.43
0.49
0.499
0.451
0.384
0.311
0.198
0.082
0.006
0
0
0
0
0
0
0
0
0
0
0
0.001
0.066
0.169
0.304
0.399
0.442
0.455
0.43
0.375
0.29
0.186
0.082
0.006
0
0
0
0
0
0
0
0
0
0
0
0.003
0.095
0.237
0.392
0.497
0.562
0.584
0.54
0.461
0.315
0.181
0.077
0.005
0
0
0
0
0
0
0
0
0
0
0
0.002
0.096
0.267
0.444
0.567
0.64
0.667
0.645
0.574
0.45
0.298
0.133
0.011
0
0
0
0
0
0
0
0
0
0
0
0.003
0.105
0.268
0.412
0.521
0.589
0.619
0.589
0.504
0.378
0.201
0.087
0.005
0
0
0
0
0
0
0
0
0
0
0
0.001
0.067
0.187
0.301
0.424
0.479
0.463
0.421
0.376
0.23
0.129
0.042
0.001
0
0
0
0
0
0
0
0
0
0
0
0
0.022
0.063
0.105
0.143
0.179
0.192
0.167
0.146
0.111
0.064
0.022
0
0
0
0
0
0
0
0
0
0
0
0
0
0.034
0.124
0.222
0.284
0.306
0.27
0.264
0.214
0.142
0.089
0.04
0.002
0
0
0
0
0
0
0
0
0
0
0
0
0.053
0.139
0.186
0.208
0.241
0.268
0.268
0.251
0.22
0.155
0.075
0.006
0
0
0
0
0
0
0
0
0
0
0
0.002
0.097
0.257
0.406
0.515
0.566
0.595
0.565
0.5
0.372
0.228
0.087
0.005
0
0
0
0
0
0
0
0
0
0
0
0.002
0.092
0.229
0.349
0.419
0.435
0.414
0.326
0.229
0.161
0.085
0.032
0.001
0
0
0
0
0
0
0
0
0
0
0
0
0.056
0.16
0.281
0.388
0.47
0.501
0.472
0.403
0.3
0.182
0.077
0.004
0
0
0
0
0
0
0
0
0
0
0
0.001
0.089
0.248
0.404
0.511
0.588
0.618
0.601
0.538
0.389
0.259
0.117
0.008
0
0
0
0
0
0
0
0
0
0
0
0
0.039
0.127
0.243
0.353
0.465
0.475
0.412
0.274
0.183
0.104
0.032
0
0
0
0
0
0
0
0
0
0
0
0
0
0.037
0.127
0.254
0.321
0.296
0.27
0.236
0.196
0.15
0.094
0.036
0.001
0
0
0
0
0
0
0
0
0
0
0
0
0.021
0.067
0.112
0.167
0.207
0.23
0.241
0.219
0.175
0.107
0.043
0.002
0
0
0
0
0
0
0
0
0
0
0
0.001
0.079
0.227
0.374
0.485
0.553
0.582
0.565
0.496
0.377
0.226
0.08
0.004
0
0
0
0
0
0
0
0
0
0
0
0.001
0.093
0.253
0.408
0.516
0.574
0.577
0.522
0.384
0.238
0.14
0.049
0.002
0
0
0
0
0
0
0
0
0
0
0
0.001
0.072
0.199
0.345
0.445
0.486
0.487
0.474
0.427
0.327
0.229
0.098
0.006
0
0
0
0
0
0
0
0
0
0
0
0.001
0.078
0.211
0.334
0.427
0.472
0.475
0.416
0.289
0.199
0.117
0.043
0
0
0
0
0
0
0
0
0
0
0
0
0
0.033
0.123
0.238
0.281
0.26
0.254
0.259
0.264
0.191
0.123
0.042
0
0
0
0
0
0
0
0
0
0
0
0
0
0.054
0.207
0.35
0.443
0.529
0.597
0.603
0.51
0.343
0.207
0.083
0.003
0
0
0
0
0
0
0
0
0
0
0
0
0.034
0.102
0.173
0.212
0.222
0.219
0.199
0.17
0.138
0.082
0.028
0
0
0
0
0
0
0
0
0
0
0
0
0
0.015
0.051
0.094
0.135
0.172
0.186
0.189
0.169
0.12
0.071
0.026
0
0
0
0
0
0
0
0
0
0
0
0
0
0.081
0.251
0.388
0.461
0.477
0.447
0.386
0.36
0.274
0.178
0.082
0.004
0
0
0
0
0
0
0
0
0
0
0
0.001
0.095
0.254
0.422
0.511
0.559
0.56
0.504
0.394
0.265
0.144
0.052
0.001
0
0
0
0
0
0
0
0
0
0
0
0
0.055
0.156
0.264
0.321
0.349
0.342
0.327
0.271
0.195
0.122
0.052
0.002
0
0
0
0
0
0
0
0
0
0
0
0
0.083
0.23
0.378
0.486
0.528
0.5
0.459
0.338
0.206
0.102
0.028
0
0
0
0
0
0
0
0
0
0
0
0
0
0.042
0.173
0.348
0.505
0.576
0.581
0.52
0.408
0.28
0.16
0.053
0
0
0
0
0
0
0
0
0
0
0
0
0
0.095
0.271
0.454
0.589
0.659
0.672
0.618
0.504
0.407
0.237
0.085
0.003
0
0
0
0
0
0
0
0
0
0
0
0
0.084
0.248
0.418
0.528
0.584
0.58
0.549
0.423
0.321
0.197
0.07
0.003
0
0
0
0
0
0
0
0
0
0
0
0
0.089
0.297
0.495
0.625
0.698
0.721
0.677
0.561
0.4
0.227
0.097
0.003
0
0
0
0
0
0
0
0
0
0
0
0
0.056
0.162
0.299
0.405
0.469
0.493
0.476
0.406
0.299
0.153
0.047
0
0
0
0
0
0
0
0
0
0
0
0
0
0.042
0.148
0.261
0.345
0.375
0.33
0.263
0.206
0.132
0.07
0.029
0
0
0
0
0
0
0
0
0
0
0
0
0
0.022
0.077
0.134
0.17
0.182
0.181
0.166
0.135
0.104
0.062
0.022
0
0
0
0
0
0
0
0
0
0
0
0
0
0.022
0.094
0.186
0.299
0.372
0.409
0.334
0.238
0.157
0.082
0.028
0
0
0
0
0
0
0
0
0
0
0
0
0
0.06
0.185
0.326
0.457
0.539
0.575
0.51
0.366
0.241
0.13
0.047
0.001
0
0
0
0
0
0
0
0
0
0
0
0
0.038
0.145
0.294
0.429
0.534
0.562
0.491
0.44
0.343
0.188
0.065
0.001
0
0
0
0
0
0
0
0
0
0
0
0
0.045
0.155
0.288
0.407
0.473
0.488
0.442
0.347
0.216
0.102
0.03
0
0
0
0
0
0
0
0
0
0
0
0
0
0.062
0.183
0.308
0.419
0.481
0.512
0.464
0.354
0.201
0.103
0.033
0
0
0
0
0
0
0
0
0
0
0
0
0
0.078
0.243
0.411
0.529
0.598
0.584
0.493
0.367
0.228
0.133
0.049
0.001
0
0
0
0
0
0
0
0
0
0
0
0
0.051
0.153
0.245
0.319
0.367
0.391
0.372
0.339
0.276
0.176
0.073
0.002
0
0
0
0
0
0
0
0
0
0
0
0
0.052
0.151
0.251
0.316
0.362
0.428
0.44
0.402
0.326
0.217
0.084
0.002
0
0
0
0
0
0
0
0
0
0
0
0
0.086
0.263
0.457
0.602
0.691
0.722
0.696
0.602
0.455
0.28
0.109
0.003
0
0
0
0
0
0
0
0
0
0
0
0
0.053
0.167
0.301
0.438
0.496
0.491
0.408
0.323
0.214
0.121
0.045
0
0
0
0
0
0
0
0
0
0
0
0
0
0.063
0.194
0.37
0.479
0.528
0.561
0.56
0.483
0.342
0.214
0.078
0.001
0
0
0
0
0
0
0
0
0
0
0
0
0.043
0.16
0.277
0.407
0.491
0.496
0.469
0.35
0.183
0.077
0.018
0
0
0
0
0
0
0
0
0
0
0
0
0
0.017
0.07
0.145
0.22
0.274
0.3
0.279
0.227
0.164
0.091
0.032
0
0
0
0
0
0
0
0
0
0
0
0
0
0.033
0.121
0.243
0.38
0.455
0.476
0.451
0.373
0.293
0.19
0.075
0.002
0
0
0
0
0
0
0
0
0
0
0
0
0.068
0.219
0.373
0.474
0.511
0.498
0.436
0.339
0.239
0.139
0.045
0
0
0
0
0
0
0
0
0
0
0
0
0
0.067
0.198
0.33
0.422
0.464
0.459
0.401
0.327
0.239
0.129
0.031
0
0
0
0
0
0
0
0
0
0
0
0
0
0.044
0.156
0.288
0.434
0.501
0.521
0.443
0.367
0.25
0.117
0.038
0
0
0
0
0
0
0
0
0
0
0
0
0
0.055
0.172
0.289
0.362
0.377
0.35
0.285
0.216
0.132
0.068
0.021
0
0
0
0
0
0
0
0
0
0
0
0
0
0.045
0.164
0.293
0.376
0.415
0.422
0.413
0.337
0.244
0.134
0.045
0
0
0
0
0
0
0
0
0
0
0
0
0
0.016
0.064
0.125
0.201
0.269
0.322
0.361
0.339
0.262
0.158
0.065
0.001
0
0
0
0
0
0
0
0
0
0
0
0
0.085
0.245
0.38
0.47
0.529
0.532
0.496
0.425
0.308
0.177
0.067
0.001
0
0
0
0
0
0
0
0
0
0
0
0
0.058
0.176
0.327
0.427
0.47
0.428
0.366
0.271
0.185
0.078
0.022
0
0
0
0
0
0
0
0
0
0
0
0
0
0.021
0.09
0.194
0.265
0.309
0.339
0.312
0.29
0.196
0.1
0.029
0
0
0
0
0
0
0
0
0
0
0
0
0
0.031
0.118
0.208
0.285
0.335
0.341
0.331
0.293
0.224
0.134
0.032
0
0
0
0
0
0
0
0
0
0
0
0
0
0.018
0.073
0.146
0.232
0.291
0.307
0.283
0.223
0.145
0.072
0.023
0
0
0
0
0
0
0
0
0
0
0
0
0
0.032
0.125
0.253
0.381
0.458
0.501
0.528
0.482
0.369
0.209
0.064
0
0
0
0
0
0
0
0
0
0
0
0
0
0.083
0.259
0.46
0.589
0.65
0.659
0.635
0.537
0.384
0.216
0.072
0
0
0
0
0
0
0
0
0
0
0
0
0
0.052
0.188
0.37
0.498
0.583
0.595
0.542
0.439
0.321
0.175
0.055
0
0
0
0
0
0
0
0
0
0
0
0
0
0.026
0.092
0.168
0.256
0.277
0.269
0.259
0.215
0.164
0.099
0.031
0
0
0
0
0
0
0
0
0
0
0
0
0
0.05
0.163
0.273
0.39
0.419
0.393
0.322
0.245
0.158
0.076
0.023
0
0
0
0
0
0
0
0
0
0
0
0
0
0.069
0.231
0.411
0.565
0.606
0.574
0.491
0.394
0.205
0.095
0.023
0
0
0
0
0
0
0
0
0
0
0
0
0
0.025
0.1
0.203
0.301
0.365
0.383
0.341
0.303
0.204
0.107
0.034
0
0
0
0
0
0
0
0
0
0
0
0
0
0.021
0.075
0.138
0.2
0.237
0.265
0.272
0.247
0.194
0.121
0.043
0
0
0
0
0
0
0
0
0
0
0
0
0
0.041
0.152
0.299
0.439
0.514
0.527
0.5
0.43
0.316
0.191
0.066
0
0
0
0
0
0
0
0
0
0
0
0
0
0.097
0.281
0.429
0.577
0.604
0.603
0.501
0.319
0.213
0.092
0.02
0
0
0
0
0
0
0
0
0
0
0
0
0
0.037
0.17
0.353
0.511
0.578
0.594
0.557
0.469
0.295
0.163
0.045
0
0
0
0
0
0
0
0
0
0
0
0
0
0.073
0.226
0.369
0.46
0.504
0.491
0.467
0.386
0.272
0.15
0.046
0
0
0
0
0
0
0
0
0
0
0
0
0
0.047
0.139
0.191
0.169
0.174
0.219
0.245
0.214
0.152
0.091
0.026
0
0
0
0
0
0
0
0
0
0
0
0
0
0.038
0.13
0.204
0.243
0.23
0.196
0.177
0.149
0.107
0.061
0.019
0
0
0
0
0
0
0
0
0
0
0
0
0
0.042
0.186
0.351
0.463
0.481
0.468
0.376
0.239
0.173
0.111
0.047
0
0
0
0
0
0
0
0
0
0
0
0
0
0.051
0.202
0.358
0.517
0.607
0.587
0.561
0.43
0.357
0.211
0.078
0
0
0
0
0
0
0
0
0
0
0
0
0
0.081
0.254
0.405
0.531
0.597
0.631
0.556
0.423
0.331
0.199
0.073
0
0
0
0
0
0
0
0
0
0
0
0
0
0.043
0.166
0.301
0.425
0.492
0.558
0.527
0.418
0.306
0.223
0.079
0
0
0
0
0
0
0
0
0
0
0
0
0
0.072
0.243
0.438
0.593
0.684
0.651
0.591
0.498
0.308
0.156
0.048
0
0
0
0
0
0
0
0
0
0
0
0
0
0.025
0.109
0.205
0.281
0.319
0.338
0.337
0.307
0.244
0.143
0.042
0
0
0
0
0
0
0
0
0
0
0
0
0
0.024
0.102
0.201
0.29
0.335
0.338
0.31
0.261
0.213
0.128
0.05
0
0
0
0
0
0
0
0
0
0
0
0
0
0.064
0.197
0.347
0.466
0.55
0.582
0.597
0.535
0.436
0.276
0.128
0.001
0
0
0
0
0
0
0
0
0
0
0
0
0.083
0.267
0.456
0.622
0.707
0.741
0.721
0.648
0.524
0.364
0.186
0.002
0
0
0
0
0
0
0
0
0
0
0
0
0.06
0.216
0.396
0.521
0.58
0.571
0.533
0.454
0.348
0.2
0.066
0
0
0
0
0
0
0
0
0
0
0
0
0
0.039
0.163
0.281
0.321
0.317
0.265
0.203
0.196
0.14
0.059
0.017
0
0
0
0
0
0
0
0
0
0
0
0
0
0.041
0.153
0.258
0.313
0.392
0.413
0.404
0.381
0.337
0.214
0.081
0
0
0
0
0
0
0
0
0
0
0
0
0
0.101
0.323
0.526
0.609
0.677
0.676
0.543
0.392
0.23
0.115
0.035
0
0
0
0
0
0
0
0
0
0
0
0
0
0.02
0.088
0.163
0.197
0.219
0.221
0.195
0.141
0.12
0.064
0.017
0
0
0
0
0
0
0
0
0
0
0
0
0
0.021
0.086
0.161
0.226
0.264
0.296
0.28
0.234
0.152
0.075
0.017
0
0
0
0
0
0
0
0
0
0
0
0
0
0.027
0.099
0.164
0.174
0.175
0.201
0.203
0.168
0.115
0.068
0.021
0
0
0
0
0
0
0
0
0
0
0
0
0
0.03
0.126
0.237
0.318
0.353
0.403
0.397
0.361
0.226
0.125
0.033
0
0
0
0
0
0
0
0
0
0
0
0
0
0.037
0.149
0.274
0.409
0.513
0.554
0.523
0.463
0.382
0.253
0.117
0.001
0
0
0
0
0
0
0
0
0
0
0
0
0.105
0.318
0.552
0.683
0.758
0.784
0.769
0.705
0.598
0.433
0.211
0.002
0
0
0
0
0
0
0
0
0
0
0
0
0.112
0.336
0.55
0.702
0.774
0.796
0.757
0.684
0.547
0.397
0.188
0.001
0
0
0
0
0
0
0
0
0
0
0
0
0.106
0.339
0.562
0.688
0.765
0.785
0.747
0.655
0.499
0.3
0.1
0
0
0
0
0
0
0
0
0
0
0
0
0
0.069
0.274
0.483
0.621
0.678
0.667
0.584
0.413
0.275
0.128
0.03
0
0
0
0
0
0
0
0
0
0
0
0
0
0.01
0.057
0.113
0.168
0.21
0.246
0.241
0.219
0.183
0.105
0.032
0
0
0
0
0
0
0
0
0
0
0
0
0
0.031
0.139
0.288
0.486
0.607
0.673
0.664
0.598
0.49
0.296
0.105
0
0
0
0
0
0
0
0
0
0
0
0
0
0.075
0.266
0.458
0.63
0.725
0.746
0.721
0.65
0.537
0.35
0.128
0
0
0
0
0
0
0
0
0
0
0
0
0
0.096
0.293
0.525
0.657
0.744
0.773
0.754
0.695
0.588
0.429
0.228
0.001
0
0
0
0
0
0
0
0
0
0
0
0
0.105
0.323
0.573
0.697
0.766
0.793
0.767
0.705
0.593
0.427
0.204
0
0
0
0
0
0
0
0
0
0
0
0
0
0.092
0.29
0.457
0.639
0.697
0.731
0.694
0.594
0.519
0.344
0.122
0
0
0
0
0
0
0
0
0
0
0
0
0
0.055
0.21
0.339
0.504
0.552
0.558
0.476
0.427
0.328
0.213
0.07
0
0
0
0
0
0
0
0
0
0
0
0
0
0.014
0.067
0.126
0.171
0.2
0.207
0.239
0.282
0.227
0.127
0.029
0
0
0
0
0
0
0
0
0
0
0
0
0
0.014
0.062
0.112
0.165
0.221
0.229
0.188
0.123
0.078
0.044
0.011
0
0
0
0
0
0
0
0
0
0
0
0
0
0.053
0.21
0.37
0.54
0.647
0.64
0.589
0.477
0.323
0.207
0.077
0
0
0
0
0
0
0
0
0
0
0
0
0
0.068
0.226
0.392
0.522
0.553
0.565
0.553
0.518
0.458
0.279
0.121
0
0
0
0
0
0
0
0
0
0
0
0
0
0.051
0.192
0.353
0.438
0.488
0.494
0.434
0.383
0.326
0.219
0.093
0
0
0
0
0
0
0
0
0
0
0
0
0
0.058
0.205
0.361
0.514
0.594
0.618
0.56
0.461
0.322
0.178
0.057
0
0
0
0
0
0
0
0
0
0
0
0
0
0.065
0.233
0.458
0.629
0.695
0.721
0.676
0.581
0.465
0.287
0.114
0
0
0
0
0
0
0
0
0
0
0
0
0
0.053
0.222
0.398
0.625
0.715
0.739
0.708
0.626
0.525
0.342
0.128
0
0
0
0
0
0
0
0
0
0
0
0
0
0.086
0.29
0.459
0.667
0.744
0.768
0.745
0.672
0.551
0.343
0.104
0
0
0
0
0
0
0
0
0
0
0
0
0
0.045
0.171
0.318
0.425
0.5
0.501
0.479
0.441
0.304
0.175
0.061
0
0
0
0
0
0
0
0
0
0
0
0
0
0.019
0.09
0.196
0.275
0.344
0.366
0.376
0.346
0.287
0.182
0.056
0
0
0
0
0
0
0
0
0
0
0
0
0
0.019
0.085
0.15
0.221
0.284
0.329
0.304
0.265
0.201
0.114
0.038
0
0
0
0
0
0
0
0
0
0
0
0
0
0.056
0.227
0.425
0.585
0.65
0.654
0.631
0.557
0.382
0.28
0.112
0
0
0
0
0
0
0
0
0
0
0
0
0
0.088
0.284
0.455
0.567
0.63
0.637
0.598
0.474
0.365
0.209
0.07
0
0
0
0
0
0
0
0
0
0
0
0
0
0.065
0.23
0.404
0.579
0.644
0.754
0.725
0.646
0.492
0.307
0.125
0
0
0
0
0
0
0
0
0
0
0
0
0
0.09
0.279
0.442
0.634
0.726
0.755
0.728
0.635
0.559
0.388
0.184
0
0
0
0
0
0
0
0
0
0
0
0
0
0.155
0.418
0.611
0.724
0.783
0.796
0.764
0.698
0.546
0.344
0.138
0
0
0
0
0
0
0
0
0
0
0
0
0
0.123
0.338
0.568
0.691
0.76
0.783
0.76
0.698
0.585
0.421
0.179
0
0
0
0
0
0
0
0
0
0
0
0
0
0.105
0.313
0.538
0.687
0.75
0.775
0.752
0.669
0.535
0.357
0.13
0
0
0
0
0
0
0
0
0
0
0
0
0
0.12
0.355
0.596
0.724
0.792
0.806
0.785
0.719
0.608
0.42
0.196
0
0
0
0
0
0
0
0
0
0
0
0
0
0.117
0.336
0.553
0.695
0.767
0.784
0.745
0.65
0.49
0.314
0.096
0
0
0
0
0
0
0
0
0
0
0
0
0
0.06
0.229
0.418
0.633
0.731
0.748
0.724
0.617
0.513
0.336
0.113
0
0
0
0
0
0
0
0
0
0
0
0
0
0.051
0.2
0.365
0.556
0.654
0.7
0.686
0.641
0.54
0.37
0.121
0
0
0
0
0
0
0
0
0
0
0
0
0
0.043
0.178
0.409
0.627
0.753
0.786
0.767
0.707
0.599
0.435
0.2
0
0
0
0
0
0
0
0
0
0
0
0
0
0.079
0.246
0.436
0.617
0.65
0.636
0.614
0.549
0.44
0.259
0.076
0
0
0
0
0
0
0
0
0
0
0
0
0
0.108
0.3
0.479
0.667
0.751
0.761
0.745
0.686
0.578
0.412
0.181
0
0
0
0
0
0
0
0
0
0
0
0
0
0.1
0.301
0.535
0.662
0.737
0.774
0.76
0.697
0.587
0.401
0.185
0
0
0
0
0
0
0
0
0
0
0
0
0
0.103
0.308
0.465
0.68
0.754
0.778
0.749
0.68
0.573
0.408
0.159
0
0
0
0
0
0
0
0
0
0
0
0
0
0.11
0.308
0.496
0.685
0.756
0.772
0.746
0.676
0.553
0.345
0.13
0
0
0
0
0
0
0
